0.0, [0.02988086 0.00084968 0.08533433], [1.], [-1.8746412  -1.92507446], [ 0.72183188 -1.31016968], [-1.33790719  0.83003668], [1.60663461 1.87490762]
0.10020040080160321, [ 0.04802339 -0.076343    0.06410375], [1.], [-1.98845639 -1.90890575], [ 0.66479301 -1.44367005], [-0.85576874  0.80544743], [1.52727146 2.19574676]
0.20040080160320642, [-0.05223208  0.02111091  0.28734645], [1.], [-1.98600629 -2.00996471], [ 0.5997685  -1.21599973], [-1.38660164  0.77114918], [1.2697424  2.23567288]
0.30060120240480964, [0.0928655  0.01160384 0.27360322], [1.], [-2.03840998 -2.03406591], [ 0.51893405 -1.16832351], [-1.28420631  0.79087263], [1.4387586  2.06208283]
0.40080160320641284, [0.09836547 0.05820186 0.50463101], [1.], [-2.4269245  -2.04116293], [ 0.45031224 -1.34245125], [-1.09606577  0.66860382], [1.44560208 2.19373127]
0.5010020040080161, [0.25842974 0.09389507 0.57843043], [1.], [-2.22992946 -2.03653731], [ 0.48801821 -1.14320482], [-1.33873937  0.85400446], [1.2829382 2.1029904]
0.6012024048096193, [0.36363787 0.1354759  0.58258098], [1.], [-2.1139285  -2.13109393], [ 0.59157308 -1.3380715 ], [-1.38994876  0.49666326], [1.17014534 2.1517668 ]
0.7014028056112225, [0.28353126 0.07720947 0.63208077], [1.], [-2.22892337 -1.97101668], [ 0.50946399 -1.4779177 ], [-1.37269173  0.74729602], [1.25147311 2.03574157]
0.8016032064128257, [0.3514244  0.07029374 0.74439206], [1.], [-2.20574953 -2.08680716], [ 0.13846204 -1.26990456], [-1.51040088  0.65380901], [1.12659234 1.90362646]
0.9018036072144289, [0.38844598 0.12845059 1.00570518], [0.45814278], [-2.45326831 -2.18399918], [ 0.29628475 -1.47162294], [-1.46197053  0.50894359], [1.21763387 1.80523197]
1.0020040080160322, [0.41708771 0.27014268 0.81662803], [0.02350585], [-2.42202823 -2.13751055], [ 0.30918344 -1.6460136 ], [-1.60683256  0.59943971], [0.94882081 2.0096784 ]
1.1022044088176353, [0.44773671 0.1722542  0.97104677], [0.0012717], [-2.45772453 -2.39115743], [ 0.28012722 -1.60551707], [-1.63462378  0.68034921], [1.32399083 1.97040524]
1.2024048096192386, [0.46121403 0.33646607 1.00507487], [7.27359116e-05], [-2.54011711 -2.35871642], [ 0.21009191 -1.67583083], [-1.83461404  0.60254367], [1.03195591 1.87670633]
1.3026052104208417, [0.59195112 0.29555628 0.96407807], [4.41257192e-06], [-2.56630598 -2.26698085], [ 0.15360641 -1.5672223 ], [-1.45760066  0.52822101], [0.93639626 1.67733566]
1.402805611222445, [0.52018542 0.42251943 0.90157562], [2.84980081e-07], [-2.65980098 -2.26716025], [ 0.28644064 -1.59362271], [-1.69355431  0.41060853], [0.93596008 1.85152742]
1.503006012024048, [0.6171872  0.47973564 0.93950883], [1.96757943e-08], [-2.54631062 -2.36565401], [ 0.29135276 -1.63758985], [-1.63167195  0.39749769], [0.77376841 1.73115252]
1.6032064128256514, [0.63497192 0.33998882 0.93400672], [1.4592183e-09], [-2.39753277 -2.28015792], [ 0.23748821 -1.82683705], [-1.68105495  0.4254298 ], [1.02943335 1.68472154]
1.7034068136272547, [0.60996707 0.41873775 1.12004766], [1.16889831e-10], [-2.61938808 -2.61089136], [ 0.13809167 -1.83436783], [-1.87971388  0.40090098], [0.91243233 1.75819926]
1.8036072144288577, [0.64835293 0.49833167 1.0758208 ], [1.01774145e-11], [-2.74507042 -2.50563028], [-0.00175151 -1.73431305], [-1.76655343  0.36034089], [0.89476593 1.57670807]
1.903807615230461, [0.59921265 0.46296217 0.89488437], [9.71445147e-13], [-2.67016332 -2.68906126], [-0.10933639 -1.77717058], [-1.91897697  0.24332667], [0.87565572 1.4146527 ]
2.0040080160320644, [0.69406116 0.57736009 1.01251435], [1.03250741e-13], [-2.74493604 -2.65946823], [ 0.00406478 -1.84862268], [-1.71058252  0.14128646], [0.72401923 1.55802983]
2.1042084168336674, [0.82327249 0.76842275 0.78223542], [1.33226763e-14], [-2.84816054 -2.70741867], [-0.19079925 -1.84381017], [-1.88522656  0.02284137], [0.5914241  1.64824329]
2.2044088176352705, [0.76759858 0.65008287 0.86954391], [1.11022302e-15], [-2.64214339 -2.68020757], [-0.16589371 -1.88288443], [-1.82468022  0.0887589 ], [0.89906191 1.45225433]
2.3046092184368736, [0.84333226 0.74197044 0.99091392], [1.11022302e-15], [-2.70253521 -2.69267133], [ 0.07611112 -1.85914824], [-1.94188909 -0.02575212], [0.76877652 1.58134324]
2.404809619238477, [0.80282713 0.69219077 1.00262573], [2.22044605e-15], [-2.76691544 -2.76377649], [-0.18582381 -1.79427454], [-1.96767317  0.07183478], [0.75836761 1.47594762]
2.50501002004008, [0.89950732 0.80351908 1.08732389], [2.22044605e-15], [-2.77126201 -2.93548924], [-0.09175129 -2.03207588], [-2.09200806 -0.04956138], [0.58398501 1.27442432]
2.6052104208416833, [0.83964377 0.8769094  0.93770143], [5.55111512e-15], [-2.87735576 -2.76370287], [-0.0771797  -2.14982838], [-2.14351323 -0.06277841], [0.4490505  1.28961832]
2.705410821643287, [0.98812178 1.02885095 1.12111334], [-4.4408921e-15], [-2.95277374 -2.79109646], [-0.21283691 -2.27565534], [-1.89503251 -0.13251474], [0.63358302 1.2485417 ]
2.80561122244489, [0.9644372  0.8913277  0.92364078], [-9.99200722e-15], [-2.87971239 -2.96548441], [-0.24149329 -2.2380971 ], [-2.00045347 -0.19718453], [0.69028242 1.3275528 ]
2.905811623246493, [1.0304258  0.97980877 1.0453157 ], [1.], [-2.92500933 -3.00026433], [-0.22495834 -2.3359772 ], [-1.93532844 -0.09451855], [0.56708755 1.08084187]
3.006012024048096, [0.8780878  1.00035284 1.11631189], [1.], [-2.82231128 -3.02442609], [-0.18737354 -2.21534164], [-2.07829027 -0.22651472], [0.43683621 1.10009924]
3.1062124248496996, [1.0358076  1.04228161 1.17059721], [1.], [-3.00763622 -3.12754546], [-0.29146786 -2.29970055], [-2.33802233 -0.14815309], [0.54273832 0.88938214]
3.2064128256513027, [1.02496038 1.05362136 1.24793458], [1.], [-3.0031267  -3.24423789], [-0.47003307 -2.36330713], [-2.08059342 -0.32281878], [0.44588875 1.04277661]
3.306613226452906, [1.1250002  1.19963642 1.33390561], [1.], [-3.02841434 -3.24425312], [-0.21019482 -2.45864548], [-2.15753859 -0.24078737], [0.36360761 0.75537269]
3.4068136272545093, [1.01168687 1.22132948 1.55192683], [1.], [-3.05131612 -3.05885899], [-0.29563645 -2.5196249 ], [-2.28559635 -0.41962097], [0.40055215 0.97840288]
3.5070140280561124, [1.06660964 1.25764878 1.58554878], [1.], [-3.09041342 -2.97899902], [-0.41030606 -2.64762051], [-2.2116964  -0.47459274], [0.29947743 1.06898461]
3.6072144288577155, [1.08519838 1.2103655  1.6871265 ], [1.], [-3.09516454 -3.31348256], [-0.37971178 -2.55761134], [-2.10263402 -0.46234263], [0.22065992 0.78418601]
3.7074148296593186, [1.18664428 1.35083427 1.84424301], [1.], [-2.89436683 -3.39353578], [-0.30365202 -2.50155581], [-2.06525057 -0.566708  ], [0.36247072 0.97727649]
3.807615230460922, [1.02456728 1.40886782 1.9045188 ], [1.], [-3.02876816 -3.39047092], [-0.37185763 -2.81420383], [-2.2339963  -0.67410929], [0.31855181 0.70638046]
3.907815631262525, [1.06576504 1.42878635 1.85089856], [1.], [-3.06538172 -3.24657258], [-0.24539651 -2.67833188], [-2.18429202 -0.57645436], [0.30963537 0.5838246 ]
4.008016032064129, [1.10804011 1.36935589 2.08045314], [1.], [-2.8264745  -3.44957286], [-0.25756427 -2.96975337], [-2.1745107  -0.81664008], [0.43906668 0.57800267]
4.108216432865731, [1.05223023 1.5158625  2.1612801 ], [1.], [-2.97005256 -3.48182631], [-0.25380769 -2.80015536], [-2.05080319 -0.75010353], [0.57726591 0.48694949]
4.208416833667335, [0.94918476 1.51508366 2.40093766], [1.], [-2.82184501 -3.64491971], [-0.32083391 -2.84134517], [-2.10863335 -0.83795748], [0.57382052 0.44826506]
4.308617234468938, [1.00933995 1.6702505  2.06599455], [1.], [-2.76179575 -3.66031133], [-0.34734713 -2.87869506], [-2.07672098 -0.87898655], [0.45161259 0.48160782]
4.408817635270541, [0.88776355 1.62590268 2.32566195], [1.], [-2.9845498  -3.76604888], [-0.28976347 -2.8843566 ], [-1.70437292 -1.00082765], [0.56343802 0.45025831]
4.509018036072145, [0.83354358 1.66743695 2.47477093], [1.], [-2.96953102 -3.68171561], [-0.09297171 -3.09792974], [-2.0320062  -1.01104877], [0.6433247 0.483548 ]
4.609218436873747, [0.87979178 1.7436892  2.49835332], [1.], [-3.00152168 -3.77071911], [-0.03794165 -3.01225471], [-1.9428666  -0.95736544], [0.65168975 0.39089667]
4.709418837675351, [0.79541471 1.72384799 2.57237898], [1.], [-2.68099533 -3.69151727], [-0.20305028 -3.06102974], [-1.97471315 -0.76677088], [0.50076266 0.42763334]
4.809619238476954, [0.74228702 1.86527306 2.88592486], [1.], [-2.70517018 -3.60195829], [-0.02837454 -2.90231357], [-1.85873318 -0.8768636 ], [0.58963447 0.32929131]
4.909819639278557, [0.71257146 1.77087248 2.93784158], [0.64240425], [-2.76755783 -3.81346257], [-0.00518895 -2.89267222], [-1.93614302 -0.99853865], [0.72569763 0.27841861]
5.01002004008016, [0.60825369 1.75739377 3.09740921], [0.01911074], [-2.80845638 -3.68102583], [ 0.19203937 -2.89714393], [-1.839705   -1.04640426], [0.74659798 0.48070982]
5.110220440881764, [0.69154718 1.7730929  3.0047594 ], [0.00058637], [-2.70675919 -3.68702227], [ 0.03885164 -3.14805922], [-1.58614138 -1.19233177], [0.71179147 0.12071916]
5.210420841683367, [0.49663017 1.63710031 3.04403576], [1.85607833e-05], [-2.56877705 -3.85319803], [ 0.3503029  -3.23805258], [-1.61762537 -0.98366586], [1.08935201 0.19327393]
5.31062124248497, [0.52474791 1.86786898 2.95396507], [6.0672543e-07], [-2.5728335  -3.70817093], [ 0.187973   -3.10000315], [-1.6849564  -1.00116482], [0.81286088 0.0515397 ]
5.410821643286574, [0.49343267 1.75468659 2.88467877], [2.05032036e-08], [-2.49851112 -3.75275384], [ 0.15952233 -2.96305227], [-1.73023048 -1.16799308], [0.96383591 0.35092487]
5.511022044088176, [0.4314822  1.90543777 2.95391409], [7.17101933e-10], [-2.34026183 -3.883279  ], [ 0.25192097 -2.95768737], [-1.57104938 -1.05287673], [1.0234722  0.22507059]
5.61122244488978, [0.46341848 1.83466468 2.94794605], [2.59881006e-11], [-2.39223561 -3.96756502], [ 0.49554861 -3.17143505], [-1.52342059 -0.87617053], [1.16996838 0.35438226]
5.711422845691383, [0.29890387 1.95565386 2.98726595], [9.81437154e-13], [-2.38469411 -3.87992276], [ 0.44867336 -3.19356883], [-1.46774382 -0.93972725], [1.04991971 0.22105413]
5.811623246492986, [0.30666534 1.9020526  3.02517013], [3.55271368e-14], [-2.25509948 -3.73383487], [ 0.5735632  -3.15486541], [-1.47062542 -0.88944811], [1.23848681 0.21200616]
5.9118236472945895, [0.21001775 1.90077706 2.88886601], [0.], [-2.21294432 -3.92044994], [ 0.52979052 -3.04123056], [-1.30195182 -1.12959351], [1.44529917 0.28637967]
6.012024048096192, [0.13676693 1.9146533  3.18412771], [0.], [-2.14339731 -3.90788493], [ 0.54744586 -3.0456458 ], [-1.44698845 -1.00552281], [1.18200651 0.18415148]
6.112224448897796, [0.106089   1.93856536 3.09409492], [0.], [-2.16357526 -3.76204227], [ 0.62998817 -3.1405644 ], [-1.34637169 -1.24133403], [1.3012158  0.31586678]
6.212424849699399, [0.06359074 1.82741226 3.06828967], [0.], [-2.09702658 -3.87944167], [ 0.54548075 -3.11109297], [-1.11858971 -1.25293139], [1.3476111  0.28386392]
6.312625250501002, [0.01558391 1.88934186 2.87574655], [0.], [-1.91684076 -3.76632789], [ 0.64625724 -3.23772964], [-1.25113468 -0.87726908], [1.33214291 0.2679654 ]
6.412825651302605, [-0.01994447  1.81087877  3.02801955], [-4.4408921e-15], [-1.99676545 -3.77818139], [ 0.69645065 -3.1477062 ], [-1.05461029 -0.83599574], [1.4730348  0.19669618]
6.513026052104209, [-0.09477232  1.94072468  2.91359507], [0.], [-1.97728142 -3.78668888], [ 0.80086502 -3.2093115 ], [-0.92465563 -1.01947141], [1.5769514  0.24021823]
6.613226452905812, [-0.05969368  1.86043538  3.00574448], [0.], [-1.78638812 -4.08390959], [ 0.69210376 -3.15440827], [-0.96087563 -1.26581263], [1.50939759 0.14420452]
6.713426853707415, [-0.16615664  1.89162354  3.1452415 ], [4.4408921e-15], [-1.72998075 -3.86592525], [ 1.06637744 -3.2794529 ], [-1.12755396 -1.01416614], [1.60439369 0.40600411]
6.813627254509019, [-0.17338768  1.88187416  2.91064017], [0.], [-1.87713428 -3.92189723], [ 0.89742945 -3.44976816], [-0.8661071 -1.0338212], [1.6398119  0.02187748]
6.913827655310621, [-0.27591166  1.93358926  3.00989575], [0.], [-1.72261515 -4.06543883], [ 0.92785446 -3.15005512], [-0.85094087 -1.03897202], [1.76354111 0.20913799]
7.014028056112225, [-0.34033536  1.94177293  2.78206378], [-4.4408921e-15], [-1.61094071 -3.89447176], [ 1.06368952 -3.09255307], [-0.73042625 -1.21595161], [1.80678812 0.14222014]
7.114228456913827, [-0.46332781  1.97933843  3.03556627], [0.], [-1.53273135 -3.93500866], [ 1.36210474 -3.12127731], [-0.63691498 -1.00389024], [1.98675606 0.23686818]
7.214428857715431, [-0.32219566  1.88190434  2.92681483], [0.], [-1.64675133 -3.89601794], [ 1.15416564 -3.13809673], [-0.8703456 -1.2497049], [1.91562515 0.13228418]
7.3146292585170345, [-0.47387128  1.97390321  2.93502507], [4.4408921e-15], [-1.61349016 -3.99137813], [ 1.1411216 -3.1904406], [-0.79092357 -1.14870281], [1.85093111 0.01832012]
7.414829659318637, [-0.56151405  1.95000997  2.92719527], [4.4408921e-15], [-1.46123583 -3.81742974], [ 1.23844812 -3.2409677 ], [-0.49728423 -1.06648407], [1.99212124 0.13674905]
7.515030060120241, [-0.55587323  1.96593486  2.94549906], [-4.4408921e-15], [-1.46675171 -3.95658633], [ 1.353194   -3.24400398], [-0.51951142 -1.10630355], [2.16133938 0.26858517]
7.615230460921844, [-0.64395868  1.98721951  3.08720255], [-4.4408921e-15], [-1.27436273 -3.944727  ], [ 1.14240256 -3.27828002], [-0.43766881 -1.12677673], [ 2.04383791 -0.05468868]
7.715430861723447, [-0.69352119  1.92507562  2.95654454], [0.], [-1.14926758 -3.77371123], [ 1.46117945 -3.39662592], [-0.42390719 -1.06411682], [2.10263225 0.32807675]
7.81563126252505, [-0.74143645  1.98332661  3.04751176], [4.4408921e-15], [-1.3131767  -4.07730964], [ 1.47880813 -3.21312595], [-0.46208527 -1.2437671 ], [2.32399132 0.03551481]
7.915831663326654, [-0.79542293  1.86457708  2.92476525], [4.4408921e-15], [-1.17727154 -3.98944143], [ 1.5441835  -3.37076541], [-0.34467477 -1.1134643 ], [ 2.40472732 -0.00265393]
8.016032064128257, [-0.83663309  1.97470481  3.06135377], [-4.4408921e-15], [-1.14295122 -3.80129502], [ 1.43155704 -3.27406744], [-0.42530509 -1.04220325], [2.53752968 0.1483132 ]
8.11623246492986, [-1.01084983  1.95725668  3.06072892], [-8.8817842e-15], [-1.1557131  -3.87212266], [ 1.59523016 -3.28393915], [-0.17817518 -1.17603189], [ 2.19273807 -0.02197062]
8.216432865731463, [-0.9210555   2.10546362  3.0294576 ], [-2.22044605e-14], [-1.29183018 -4.21082354], [ 1.68742644 -3.00619375], [-0.33215309 -0.97171221], [ 2.21627526 -0.05410487]
8.316633266533067, [-0.98667562  2.07591361  3.08228956], [1.], [-0.99678049 -4.17942355], [ 1.72062265 -3.19138594], [ 0.02491204 -1.09440778], [2.54009506 0.17726308]
8.41683366733467, [-0.90836447  1.93227807  3.03522207], [1.], [-1.00505855 -4.08721128], [ 1.87210626 -3.22622964], [-0.01964772 -1.03860925], [2.53231433 0.14574344]
8.517034068136272, [-1.03800481  2.0130548   3.31388462], [1.], [-0.9926901  -3.86867879], [ 1.81098844 -3.14916318], [-0.07048446 -1.11239429], [2.60820067 0.25596976]
8.617234468937877, [-1.08736436  2.01883393  3.39051851], [1.], [-0.60050244 -3.9793382 ], [ 1.88552688 -3.35398821], [-0.01831238 -1.43192135], [2.59181847 0.03417306]
8.71743486973948, [-1.17557196  2.04557544  3.34503411], [1.], [-0.77793671 -3.99602582], [ 1.80849209 -3.34729079], [ 0.0024214  -1.26917797], [2.65511955 0.16308791]
8.817635270541082, [-1.18630625  1.92910503  3.52641824], [1.], [-0.76528825 -4.13275081], [ 1.9172698  -3.16167296], [ 0.00608138 -1.10226626], [2.73294535 0.14821342]
8.917835671342687, [-1.24419316  1.9317402   3.52113806], [1.], [-0.94196961 -3.88258696], [ 1.92567639 -3.10437504], [ 0.13932412 -1.13681832], [2.64355089 0.22210421]
9.01803607214429, [-1.25382823  1.87436295  3.56568586], [1.], [-0.51718895 -4.05716583], [ 2.00435177 -3.10697231], [-0.00907822 -0.99054003], [2.8284992  0.24160936]
9.118236472945892, [-1.39352573  1.89972558  3.88125846], [1.], [-0.68152784 -3.98792259], [ 1.95431471 -3.12703224], [ 0.30671472 -1.04946679], [2.87388526 0.26512066]
9.218436873747494, [-1.40459113  1.92814691  3.84732667], [1.], [-0.71421287 -3.94498779], [ 2.30729178 -3.24970111], [ 0.47575803 -0.94444001], [2.82213746 0.21530191]
9.318637274549099, [-1.43937506  1.90399325  4.00450359], [1.], [-0.61292563 -3.835014  ], [ 2.0321539  -3.10318589], [ 0.19137461 -0.97008053], [2.90843944 0.22588565]
9.418837675350701, [-1.41024987  1.8768026   4.28307516], [0.95245211], [-0.50923585 -3.84124487], [ 2.32917704 -3.07095985], [ 0.31818264 -0.80696626], [2.93597633 0.36374696]
9.519038076152304, [-1.56683281  1.81393623  4.20640606], [0.01508603], [-0.40019782 -3.78100985], [ 2.22212495 -3.08588183], [ 0.29144922 -0.83912712], [2.86811187 0.46913963]
9.619238476953909, [-1.43315025  1.65075699  4.00830817], [0.00024317], [-0.45019704 -3.530827  ], [ 2.26391079 -3.00727517], [ 0.39131764 -0.94474676], [2.93191401 0.37983878]
9.719438877755511, [-1.5098011   1.66538757  4.11845732], [3.98380698e-06], [-0.33541212 -3.70135419], [ 2.42045013 -2.72523207], [ 0.37426991 -0.85488769], [3.05115114 0.42835165]
9.819639278557114, [-1.55743488  1.61540963  4.12303746], [6.63533051e-08], [-0.49704957 -3.58649456], [ 2.23704534 -2.9536226 ], [ 0.49768154 -0.71275786], [2.78153585 0.57115701]
9.919839679358718, [-1.56264913  1.62484617  4.29570651], [1.12388321e-09], [-0.57064995 -3.52205062], [ 2.44393936 -2.9673497 ], [ 0.53127581 -0.81763074], [3.19042218 0.43111913]
10.02004008016032, [-1.66455291  1.53876399  4.11351264], [1.93711713e-11], [-0.46123975 -3.59255296], [ 2.54135757 -2.82354658], [ 0.56034774 -0.85542486], [2.98211715 0.64123547]
10.120240480961924, [-1.65775393  1.50808555  4.24940939], [3.37507799e-13], [-0.27565859 -3.3730764 ], [ 2.32792291 -2.86791608], [ 0.36083242 -0.58181041], [3.26556598 0.46563559]
10.220440881763528, [-1.70756721  1.40449358  4.13474402], [8.8817842e-15], [-0.33997162 -3.57589214], [ 2.44479054 -2.73634154], [ 0.66275854 -0.63300763], [3.08145704 0.78604335]
10.32064128256513, [-1.60794202  1.43377653  4.38314175], [0.], [-0.6268047  -3.53004572], [ 2.56389749 -2.52404117], [ 0.38903865 -0.80683719], [3.22255261 0.73302353]
10.420841683366733, [-1.70169983  1.3406033   4.49719008], [0.], [-0.38140809 -3.44329565], [ 2.62126803 -2.58484236], [ 0.53683502 -0.55925453], [3.17038604 0.63491368]
10.521042084168338, [-1.76806838  1.33890829  4.22525411], [0.], [-0.10262983 -3.26145866], [ 2.45262282 -2.50555345], [ 0.61862545 -0.60468851], [3.18226498 0.76529889]
10.62124248496994, [-1.78225865  1.25525558  4.17347369], [0.], [-0.44048329 -3.29625086], [ 2.51799106 -2.5404025 ], [ 0.79068273 -0.53853024], [3.10076517 0.84347771]
10.721442885771543, [-1.81264911  1.14552036  4.17450431], [0.], [-0.37634932 -3.29434685], [ 2.65297865 -2.39077909], [ 0.63114784 -0.37812431], [3.20328595 1.0027469 ]
10.821643286573147, [-1.83047176  1.25114153  4.31637176], [0.], [-0.21095004 -3.17727041], [ 2.46744525 -2.58954635], [ 0.76189333 -0.33550999], [3.23720464 1.03512632]
10.92184368737475, [-1.84374365  1.12925338  4.19279263], [0.], [-0.167092   -3.10284145], [ 2.40938436 -2.37229295], [ 0.72097095 -0.236797  ], [3.32521765 0.82825704]
11.022044088176353, [-1.81839129  1.17723562  4.35545238], [0.], [-0.30170695 -3.00231401], [ 2.69701668 -2.51292031], [ 0.79736069 -0.30603883], [3.31843255 1.05820363]
11.122244488977957, [-1.85558236  1.17589897  4.38226634], [0.], [-0.08586058 -3.10475586], [ 2.47504842 -2.30209468], [ 0.82489886 -0.40532251], [3.44630459 1.201976  ]
11.22244488977956, [-1.9278337   1.02901202  4.38844122], [0.], [-0.13701497 -3.11869365], [ 2.81893984 -2.14579749], [ 0.87202665 -0.24210088], [3.41373045 1.14280703]
11.322645290581162, [-1.89500746  1.00174078  4.23410742], [0.], [-0.03215638 -3.06880117], [ 2.49509635 -2.1983117 ], [ 0.80297875 -0.39368034], [3.51900674 1.09995608]
11.422845691382767, [-1.98267781  0.85461277  4.17999715], [0.], [ 0.08733763 -3.16617718], [ 2.63546182 -2.07448733], [0.84802692 0.04891696], [3.42979663 1.11005535]
11.52304609218437, [-1.93326888  0.84444226  4.25470653], [0.], [-0.02810791 -2.88192663], [ 2.79817479 -2.22110092], [ 1.00633412 -0.13258658], [3.53322659 1.26446897]
11.623246492985972, [-2.01125272  0.73503252  4.26123606], [0.], [ 0.03084993 -2.97261746], [ 2.69900622 -2.10329443], [0.8860049  0.03254205], [3.36477456 1.07243699]
11.723446893787575, [-2.12453179  0.67407964  4.08791534], [0.], [-0.04109015 -2.74465959], [ 2.88086007 -1.97373022], [0.92449108 0.04302109], [3.44900342 1.32812083]
11.823647294589179, [-2.13097382  0.76433658  4.16390208], [0.], [-0.13878177 -2.93994559], [ 2.8554829  -2.20820427], [0.92446356 0.07981899], [3.52071973 1.4528039 ]
11.923847695390782, [-2.04066444  0.82276562  4.24537296], [-8.8817842e-15], [ 0.10009894 -2.740213  ], [ 2.86099355 -1.82795134], [ 1.07277204 -0.02840845], [3.5027207  1.46973509]
12.024048096192384, [-2.07154611  0.72331011  4.30645281], [0.], [ 0.16036123 -2.74880882], [ 2.75600188 -1.90182351], [0.90192082 0.20442628], [3.58778047 1.42141295]
12.124248496993989, [-2.00940043  0.65770634  4.28429052], [0.], [ 0.13821935 -2.66179165], [ 2.91083039 -1.9817184 ], [1.07156823 0.16514744], [3.64719004 1.40027189]
12.224448897795591, [-2.15609615  0.47764993  4.19461887], [0.], [ 0.09456026 -2.54008365], [ 2.86414251 -1.83327545], [1.12773046 0.33253068], [3.51566089 1.42644698]
12.324649298597194, [-2.10574277  0.5409277   4.20040183], [0.], [ 0.0772805  -2.54775987], [ 2.79206069 -1.8785096 ], [0.98192036 0.18100581], [3.69364052 1.52363832]
12.424849699398798, [-2.24291024  0.53908271  4.16341802], [0.], [ 0.0860026  -2.51365621], [ 2.98105883 -1.90442928], [1.20525627 0.16969365], [3.78370871 1.49352067]
12.525050100200401, [-2.25287581  0.41444997  3.98374663], [0.], [ 0.17079237 -2.42537162], [ 2.84640051 -1.587981  ], [1.01688345 0.36884616], [3.84321036 1.70822536]
12.625250501002004, [-2.21736591  0.4347377   4.25225248], [-8.8817842e-15], [ 0.01610022 -2.30714583], [ 2.93684332 -1.80383561], [1.13840625 0.43664336], [3.85212828 1.67375103]
12.725450901803608, [-2.17222206  0.30090011  4.18833065], [0.], [ 0.30197116 -2.47633296], [ 3.06901512 -1.60202556], [1.13808886 0.24588193], [3.87592725 1.61147275]
12.82565130260521, [-2.24615027  0.32561305  4.27257874], [0.], [ 0.31405546 -2.18646073], [ 3.05856229 -1.6259925 ], [1.13826327 0.41395387], [4.02303505 1.60680433]
12.925851703406813, [-2.27800689  0.23668925  4.16494048], [0.], [ 0.37215849 -2.32376271], [ 3.04725185 -1.55948612], [1.35736303 0.5727976 ], [3.86208255 1.78846525]
13.026052104208418, [-2.29580987  0.14050599  4.28100545], [0.], [ 0.47592358 -2.0982281 ], [ 3.07571163 -1.26757871], [1.14878841 0.68734707], [3.82281747 1.89797128]
13.12625250501002, [-2.33625799  0.22093249  4.27069748], [0.], [ 0.55100682 -2.38955465], [ 3.18965885 -1.53861931], [1.16335644 0.60227633], [3.82377866 2.09238659]
13.226452905811623, [-2.3025581   0.11113454  4.13198047], [0.], [ 0.4204668  -2.14285546], [ 3.20877386 -1.52409353], [1.25401488 0.57121046], [3.95231324 1.94953685]
13.326653306613228, [-2.38528328  0.06748274  4.26242044], [0.], [ 0.40570797 -2.14876338], [ 3.10668125 -1.41776744], [1.23522124 0.67555154], [3.9579269  2.02709208]
13.42685370741483, [-2.44808259 -0.01582713  4.10486228], [0.], [ 0.42773752 -1.87205657], [ 3.28128503 -1.39597827], [1.27907468 0.56944758], [3.85871215 1.83581076]
13.527054108216433, [-2.53849104 -0.01039359  4.15885891], [0.], [ 0.4516586  -2.13603601], [ 3.16206463 -1.39751663], [1.34907594 0.77349517], [3.82064023 2.22024798]
13.627254509018037, [-2.53928584 -0.04764208  4.155963  ], [0.], [ 0.43836513 -1.89418946], [ 3.15828263 -1.31101286], [1.38390957 0.91142349], [4.00473063 2.13610684]
13.72745490981964, [-2.42344757  0.05254668  4.09818364], [0.], [ 0.33168962 -1.94958929], [ 3.26328449 -1.23524602], [1.33682726 0.67310264], [4.13849512 2.28710137]
13.827655310621243, [-2.53727223 -0.13821803  4.20419156], [-8.8817842e-15], [ 0.45534891 -1.8286367 ], [ 3.13936486 -1.10491468], [1.38694352 0.89941365], [3.9572312  2.35160453]
13.927855711422847, [-2.52483322 -0.21923307  4.07763402], [0.], [ 0.53172392 -1.76582093], [ 3.14014474 -1.0931613 ], [1.55013101 1.08870017], [3.93548405 2.14936449]
14.02805611222445, [-2.5122002  -0.13622336  4.33799454], [0.], [ 0.58864736 -1.8002903 ], [ 3.48414926 -1.23795158], [1.43408814 0.98910441], [4.24975801 2.25055778]
14.128256513026052, [-2.57824602 -0.2662949   4.33537989], [8.8817842e-15], [ 0.61413808 -1.7474022 ], [ 3.19516687 -0.99232577], [1.60717    1.10417547], [4.13030093 2.56442141]
14.228456913827655, [-2.65469116 -0.22974414  4.26184806], [0.], [ 0.74846069 -1.6907467 ], [ 3.50587736 -0.96188268], [1.48754842 1.08731555], [4.17328487 2.39895027]
14.32865731462926, [-2.59202579 -0.28771539  4.29205127], [0.], [ 0.63471993 -1.63248543], [ 3.4192773  -0.83720001], [1.60697937 1.33534666], [4.13603269 2.31477899]
14.428857715430862, [-2.711979   -0.50039142  4.27639519], [-8.8817842e-15], [ 0.69717615 -1.90841428], [ 3.32549336 -0.91526715], [1.67786689 1.4187861 ], [4.20069708 2.46761311]
14.529058116232465, [-2.77462135 -0.41903711  4.44759509], [0.], [ 0.82106528 -1.54789659], [ 3.27339083 -0.75072614], [1.66477028 1.26476509], [4.10568462 2.61007485]
14.629258517034069, [-2.70056622 -0.43829926  4.21252429], [0.], [ 0.73103468 -1.58761766], [ 3.49783564 -0.80855512], [1.45894771 1.38615473], [4.13944492 2.66232216]
14.729458917835672, [-2.72841925 -0.4796489   4.25298776], [8.8817842e-15], [ 0.58535365 -1.51548117], [ 3.39780304 -0.6042359 ], [1.69523082 1.46891386], [4.3247589 2.473571 ]
14.829659318637274, [-2.82572056 -0.62516074  4.11452117], [0.], [ 0.84202857 -1.61241088], [ 3.4185657  -0.77954718], [1.67584136 1.32727133], [4.32149993 2.78824838]
14.929859719438879, [-2.78947651 -0.65012554  4.43460688], [0.], [ 0.80197597 -1.52204505], [ 3.58047848 -0.62520009], [1.76296216 1.55922828], [4.07237687 2.64996624]
15.030060120240481, [-2.83061655 -0.59259103  4.26584353], [0.], [ 0.85897652 -1.41074853], [ 3.59782479 -0.66937673], [1.87254865 1.36458813], [4.25336584 2.71039165]
15.130260521042084, [-2.76248484 -0.73923227  4.36068974], [-8.8817842e-15], [ 0.7845567  -1.27687632], [ 3.49510668 -0.43603038], [1.91395784 1.55949095], [4.45147533 2.61337221]
15.230460921843688, [-2.89048564 -0.78770391  4.21693329], [-8.8817842e-15], [ 0.67195171 -1.36726582], [ 3.55859247 -0.6558663 ], [1.74152929 1.67576713], [4.27160502 2.78838361]
15.330661322645291, [-2.92371771 -0.70718379  4.23834362], [8.8817842e-15], [ 0.80002302 -1.16980375], [ 3.59026496 -0.3837513 ], [1.88734817 1.4625891 ], [4.30689794 2.91037266]
15.430861723446894, [-2.91995176 -0.81420611  4.16830647], [8.8817842e-15], [ 0.85944386 -1.08853441], [ 3.62601629 -0.46720783], [1.89693921 1.66319591], [4.31805863 2.95773772]
15.531062124248498, [-2.96038061 -0.91434327  4.17899586], [1.77635684e-14], [ 0.82555612 -1.40297908], [ 3.80476785 -0.35688289], [1.69651421 1.45577522], [4.57692014 3.02474175]
15.6312625250501, [-3.07155824 -0.89023755  4.24705639], [0.], [ 0.80739123 -1.09681675], [ 3.6735528  -0.23306811], [1.68148955 1.64840338], [4.50591945 2.94768665]
15.731462925851703, [-2.97662468 -0.9778706   4.44415356], [-1.77635684e-14], [ 0.97371401 -0.99167857], [ 3.61393187 -0.22794063], [1.8176611  1.75159695], [4.25105944 3.19638197]
15.831663326653308, [-2.98562084 -0.97876111  4.19906052], [1.], [ 1.11362098 -0.9473319 ], [ 3.77225015 -0.38384533], [1.82014787 1.87566651], [4.25650893 3.17462187]
15.93186372745491, [-3.07977764 -1.08102285  4.37798381], [1.], [ 1.14184783 -0.89682561], [ 3.58143959 -0.07283225], [1.81686371 1.58664801], [4.43093041 3.03344919]
16.032064128256515, [-3.06709175 -1.14083969  4.42580625], [1.], [ 0.82128116 -0.94745196], [ 3.82643497 -0.13691568], [1.90187394 2.02795731], [4.38142102 3.11530428]
16.132264529058116, [-3.06172456 -1.16652961  4.47922646], [1.], [ 1.04625435 -0.89544016], [ 3.73607246 -0.03181981], [1.96505074 2.08156506], [4.46070995 3.41348568]
16.23246492985972, [-3.05997999 -1.14819502  4.72259462], [1.], [ 1.12979739 -0.85749367], [3.59802195 0.01845068], [1.90996317 1.95707557], [4.47260458 3.10762438]
16.332665330661325, [-3.03398537 -1.23400277  4.59928725], [1.], [ 1.24816815 -0.82894564], [ 3.89636994 -0.00694943], [1.87783881 1.82698035], [4.51104878 3.41167083]
16.432865731462925, [-3.09608859 -1.23379428  4.78534544], [1.], [ 1.0383407 -0.7535867], [ 3.859457   -0.11491709], [1.99286081 2.28967038], [4.55242274 3.50829073]
16.53306613226453, [-3.12118038 -1.37003659  5.1009681 ], [1.], [ 0.92729447 -0.68142473], [ 3.86051129 -0.02163636], [1.97529595 1.98762478], [4.49470491 3.4709166 ]
16.633266533066134, [-3.01723557 -1.29404686  5.01229173], [1.], [ 1.22998886 -0.6446212 ], [3.63891014 0.11359503], [1.81134268 2.15621648], [4.76556101 3.57762579]
16.733466933867735, [-3.05027464 -1.4048222   5.19978818], [1.], [ 1.27257984 -0.64082452], [3.7446434  0.41724992], [1.98209241 2.15037495], [4.57328205 3.39507786]
16.83366733466934, [-3.08114558 -1.55182809  5.08134982], [1.], [ 0.87836276 -0.51370339], [3.82354686 0.1614305 ], [1.88758494 2.25493874], [4.46213272 3.79343436]
16.933867735470944, [-2.96581161 -1.53556621  5.33331474], [1.], [ 1.07952956 -0.57597315], [3.80916975 0.33134362], [1.82395695 2.24147152], [4.61966934 3.62378971]
17.034068136272545, [-2.9922905  -1.52506515  5.42382734], [1.], [ 0.98174354 -0.52769195], [3.80102442 0.33443483], [1.85874437 2.31284232], [4.37940139 3.63029318]
17.13426853707415, [-2.90987648 -1.62049471  5.6789613 ], [1.], [ 0.93432505 -0.3702329 ], [3.57986373 0.3808409 ], [1.69515257 2.51615925], [4.47573965 3.70385305]
17.234468937875754, [-2.9071374  -1.68750127  5.66185527], [1.], [ 0.94153479 -0.49657675], [3.49619954 0.41507003], [1.84605033 2.42562124], [4.39195791 3.64256924]
17.334669338677354, [-2.94108657 -1.67507084  5.70689152], [1.], [ 0.59733496 -0.09750627], [3.65296812 0.45358412], [1.75279678 2.55173815], [4.50896036 3.851553  ]
17.43486973947896, [-2.79977666 -1.77010966  5.72329001], [1.], [ 0.72510464 -0.49295213], [3.63136406 0.43798308], [1.68068839 2.64748655], [4.31170035 3.67663703]
17.535070140280563, [-2.77438947 -1.70514589  5.88165944], [1.], [ 0.80010597 -0.13698607], [3.55169067 0.57255953], [1.81283777 2.57238587], [4.19593548 3.87161561]
17.635270541082164, [-2.73336465 -1.70751306  5.82955596], [1.], [ 0.71884536 -0.27707516], [3.44670224 0.62252688], [1.57449531 2.60750783], [4.06923342 3.81428862]
17.73547094188377, [-2.74845536 -1.67176704  6.0195544 ], [1.], [ 0.62547989 -0.2340262 ], [3.5160919  0.52954215], [1.61606828 2.50340599], [4.11628564 3.93101182]
17.835671342685373, [-2.68092941 -1.7796326   6.18131581], [1.], [ 0.55126772 -0.14761352], [3.42941614 0.57946319], [1.25552478 2.65757008], [4.08721256 3.76586964]
17.935871743486974, [-2.61496651 -1.8586028   0.03755059], [1.], [ 0.63424699 -0.24972137], [3.29340312 0.50368467], [1.52059377 2.60682614], [3.79125896 3.84969533]
18.03607214428858, [-2.50786253 -1.70680806  0.16850644], [1.], [ 0.36162625 -0.22939037], [3.11150875 0.51998187], [1.5342348  2.43321805], [3.79168417 3.87226361]
18.13627254509018, [-2.44925734 -1.75631999  0.32344682], [1.], [ 0.40094095 -0.42202265], [3.26243941 0.58317697], [1.38145128 2.54455064], [3.9284359  3.87167699]
18.236472945891784, [-2.4803172  -1.62669204  0.22888033], [0.45962347], [ 0.3829996  -0.39040531], [3.24791017 0.43158288], [1.30050166 2.53835511], [3.8113674  3.75279351]
18.336673346693388, [-2.44930213 -1.76082637  0.30034341], [0.00487219], [ 0.44125395 -0.34740049], [3.05864617 0.37867038], [1.14685713 2.49916777], [3.76960224 3.62553741]
18.43687374749499, [-2.45143787 -1.65956722  0.45131163], [5.22190808e-05], [ 0.32297261 -0.35267429], [3.1410742  0.57275336], [1.24938922 2.71183801], [3.74321119 3.71018878]
18.537074148296593, [-2.28803335 -1.67631782  0.36378924], [5.65736172e-07], [ 0.21594161 -0.34631054], [3.09831355 0.47903012], [1.22223034 2.41140572], [3.69770265 3.66123927]
18.637274549098198, [-2.20167953 -1.73664887  0.35994708], [6.1962574e-09], [ 0.31030561 -0.21777845], [2.94111282 0.48804192], [1.15934689 2.56454556], [3.69501643 3.80493758]
18.7374749498998, [-2.22001403 -1.64553935  0.25827103], [6.86167789e-11], [ 0.16805255 -0.45078545], [3.1429917  0.54059283], [1.24438331 2.45371585], [3.78413119 3.62958071]
18.837675350701403, [-2.20513031 -1.63545257  0.23726322], [7.68274333e-13], [ 0.2148792  -0.31588583], [2.89792103 0.41627773], [1.16565524 2.44813172], [3.75774102 3.68273303]
18.937875751503007, [-2.11134987 -1.67997494  0.49238388], [8.8817842e-15], [ 0.02105919 -0.39662558], [2.99731993 0.50481128], [0.81991158 2.32694532], [3.65323327 3.89728626]
19.03807615230461, [-2.04069576 -1.5864839   0.450112  ], [5.55111512e-16], [-0.19295092 -0.58027069], [2.79413527 0.39388515], [0.90404728 2.45497912], [3.69028794 3.75667164]
19.138276553106213, [-2.04403898 -1.62452073  0.31094149], [5.55111512e-16], [ 0.11072344 -0.65882176], [2.68803489 0.43031721], [0.8769613  2.44559071], [3.61574636 3.73759239]
19.238476953907817, [-1.95630763 -1.45563837  0.48330194], [0.], [-0.26526646 -0.5933716 ], [2.66988976 0.2492756 ], [0.94186688 2.36013903], [3.47064072 3.65115931]
19.338677354709418, [-1.92815606 -1.53162248  0.30095082], [5.55111512e-16], [-0.13597508 -0.61323946], [2.71423949 0.35047219], [0.83909983 2.32666039], [3.40855952 3.66916143]
19.438877755511022, [-1.85869184 -1.47452703  0.33785232], [0.], [-0.16087258 -0.43902723], [2.66240259 0.21397704], [0.88408443 2.23535519], [3.51270251 3.62628236]
19.539078156312627, [-1.80562677 -1.47046763  0.3873811 ], [0.], [-0.16990904 -0.58698171], [2.4233641  0.26507251], [0.7102457  2.46764375], [3.36030989 3.52924183]
19.639278557114228, [-1.7919582  -1.42471647  0.36500841], [0.], [-0.16145923 -0.58336305], [2.56449974 0.12906136], [0.65105931 2.4051761 ], [3.17265829 3.56588369]
19.739478957915832, [-1.76712266 -1.48388093  0.39255659], [5.55111512e-16], [-0.40450819 -0.31538512], [2.50915841 0.24246271], [0.64926723 2.12713337], [3.17576579 3.43253346]
19.839679358717436, [-1.67506343 -1.44523155  0.35369496], [5.55111512e-16], [-0.54873928 -0.63863818], [2.39961711 0.29789229], [0.56766482 2.40171757], [3.09495176 3.40176682]
19.939879759519037, [-1.7105421  -1.40326965  0.30516094], [-5.55111512e-16], [-0.53601701 -0.49051157], [2.32036727 0.171103  ], [0.41247918 2.30718993], [3.12112025 3.62162544]
20.04008016032064, [-1.59499836 -1.36719808  0.30887647], [0.], [-0.35635473 -0.77169078], [2.30157571 0.1154819 ], [0.46859811 2.1252725 ], [3.00040498 3.4734533 ]
20.140280561122246, [-1.60995868 -1.29280543  0.4374477 ], [0.], [-0.44851038 -0.80920426], [2.24784761 0.23232269], [0.44258692 2.21577475], [3.00765784 3.58757355]
20.240480961923847, [-1.46639901 -1.44151744  0.25696155], [-5.55111512e-16], [-0.51252267 -0.49998673], [2.24663605 0.13269069], [0.48378116 2.21982828], [2.89393149 3.38269196]
20.34068136272545, [-1.39000764 -1.35046746  0.24704681], [0.], [-0.60388899 -0.54472225], [2.27893513 0.17246793], [0.47776916 2.18451496], [2.94094806 3.50278583]
20.440881763527056, [-1.40850305 -1.25914269  0.27634928], [0.], [-0.77998362 -0.71451899], [2.15694329 0.04995785], [0.54829572 2.18946863], [2.77224161 3.41580878]
20.541082164328657, [-1.36229661 -1.28544042  0.32184668], [5.55111512e-16], [-0.54770103 -0.71579174], [2.04985476 0.09487011], [0.30683673 2.11811086], [2.84209179 3.50134985]
20.64128256513026, [-1.27326273 -1.22377587  0.42556934], [0.], [-0.70777377 -0.75929801], [2.11714206 0.10321037], [0.02975422 2.2267927 ], [2.8996231  3.43646103]
20.741482965931866, [-1.31655393 -1.3063821   0.48565548], [0.], [-0.77445026 -0.59505256], [ 2.07296134 -0.02109678], [0.1771651 2.1710898], [2.99265987 3.45230778]
20.841683366733466, [-1.20082371 -1.31862734  0.23188442], [0.], [-0.83496885 -0.7713558 ], [2.02276981 0.05328568], [0.2167852  2.06084362], [2.68146009 3.22293002]
20.94188376753507, [-1.20285601 -1.27882163  0.40129918], [-5.55111512e-16], [-0.68246986 -0.86479841], [1.90008395 0.08717465], [0.14688365 2.06357608], [2.53162917 3.45942788]
21.042084168336675, [-1.21670361 -1.24498681  0.42132802], [0.], [-1.02296836 -0.68181866], [ 1.78868057 -0.05118796], [0.15181783 1.84658238], [2.8305773  3.24439373]
21.142284569138276, [-1.11331008 -1.22105159  0.36761499], [5.55111512e-16], [-0.80987287 -0.84681815], [ 1.95877071 -0.08547872], [-0.21166816  2.07485891], [2.66944354 3.25485473]
21.24248496993988, [-0.9629763  -1.15566264  0.38599721], [5.55111512e-16], [-0.92484415 -0.5441256 ], [ 1.78227418 -0.03067038], [0.0824444  2.14628282], [2.65588334 3.35427911]
21.342685370741485, [-1.03469569 -1.32156308  0.27140853], [-5.55111512e-16], [-0.99143588 -0.70226056], [ 1.78731167 -0.07427033], [-0.24999457  1.95661923], [2.66529561 3.26235651]
21.442885771543086, [-1.0196054  -1.21771465  0.2907754 ], [0.], [-1.03784349 -0.97099424], [ 1.82651161 -0.0860469 ], [-0.12143232  1.9358244 ], [2.38195524 3.17500987]
21.54308617234469, [-0.91316144 -1.11362605  0.37672355], [-5.55111512e-16], [-1.13193226 -0.98292822], [ 1.69284701 -0.10826623], [-0.24704777  1.97819215], [2.34349294 3.21493055]
21.643286573146295, [-0.92621764 -1.1719709   0.37247218], [-5.55111512e-16], [-1.19885299 -0.97388992], [ 1.71007026 -0.09221417], [-0.21371564  1.71109789], [2.13015671 3.31382902]
21.743486973947896, [-0.77332121 -1.06216969  0.24565751], [5.55111512e-16], [-1.10596871 -1.01162845], [ 1.68000184 -0.01526256], [-0.31590146  1.72816689], [2.47278716 3.29195242]
21.8436873747495, [-0.67048067 -1.06485901  0.39460176], [0.], [-1.28476477 -0.91714159], [ 1.52460877 -0.11080915], [-0.3390113   1.86045374], [2.16333924 3.12373233]
21.943887775551104, [-0.67674032 -0.97373044  0.4131165 ], [5.55111512e-16], [-1.41112026 -0.89009039], [ 1.22965395 -0.13118605], [-0.42634536  1.72567139], [2.34295087 3.2723656 ]
22.044088176352705, [-0.69301515 -1.04643209  0.38461966], [0.], [-1.35210792 -0.74885588], [ 1.30850592 -0.14167961], [-0.29668295  1.87418902], [2.21701879 3.16837286]
22.14428857715431, [-0.6315526  -1.10449693  0.48135594], [0.], [-1.18108861 -1.07448982], [ 1.42037731 -0.17945943], [-0.33645777  2.02930107], [2.19118785 3.04405174]
22.244488977955914, [-0.42938485 -1.02113726  0.38664524], [0.], [-1.4912645 -0.7991507], [ 1.38849499 -0.18928961], [-0.58058578  1.58267963], [2.11030767 3.30373269]
22.344689378757515, [-0.53228421 -1.02917706  0.31127548], [-5.55111512e-16], [-1.5133273  -0.81046248], [ 1.33610823 -0.06895014], [-0.57633109  1.83192143], [2.08635813 3.41376451]
22.44488977955912, [-0.4566017  -0.93481731  0.31398089], [0.], [-1.61074237 -0.83937093], [ 1.25098548 -0.36043941], [-0.53905091  1.95419554], [1.8523906  3.12323962]
22.545090180360724, [-0.45842339 -0.95424219  0.4326253 ], [0.], [-1.63752805 -1.09680579], [ 1.11089614 -0.25633392], [-0.52752014  1.70608707], [1.93569981 3.04510851]
22.645290581162325, [-0.42174553 -0.88360652  0.30511128], [0.], [-1.56643655 -1.04553954], [ 1.03229366 -0.19985176], [-0.65075483  1.61611254], [1.99461726 3.04445673]
22.74549098196393, [-0.28659294 -0.92325496  0.43106228], [0.], [-1.57274262 -1.00900508], [ 1.13267027 -0.50628641], [-0.6596716   1.63471635], [1.80403248 2.98443337]
22.845691382765533, [-0.30129321 -0.99474385  0.31837632], [0.], [-1.52557952 -1.05880897], [ 1.03504464 -0.32530122], [-0.68382575  1.52502903], [1.76329219 3.14451628]
22.945891783567134, [-0.19715908 -0.84143654  0.44035411], [5.55111512e-16], [-1.79673791 -1.22944609], [ 0.86858247 -0.42702885], [-0.93117059  1.54067442], [1.80761851 2.79621915]
23.04609218436874, [-0.31268282 -0.91948396  0.35243282], [0.], [-1.81705823 -1.2199028 ], [ 1.0537325  -0.47001131], [-0.74509409  1.60863699], [1.72707075 2.96357633]
23.14629258517034, [-0.17372876 -0.88265103  0.29612786], [-5.55111512e-16], [-1.73730414 -1.20298607], [ 0.92107106 -0.42447907], [-0.84863102  1.69026388], [1.74538674 2.92418392]
23.246492985971944, [-0.16310774 -0.81003274  0.32603269], [0.], [-1.8670971  -1.04475152], [ 0.9838373  -0.40165281], [-1.0576244   1.56826499], [1.53531863 2.87783496]
23.34669338677355, [-0.0589208  -0.81923049  0.42366946], [5.55111512e-16], [-1.86615421 -1.20793598], [ 0.82556362 -0.36928256], [-1.01769606  1.64074059], [1.59498936 2.88450169]
23.44689378757515, [-0.0362193  -0.8051496   0.48547949], [0.], [-1.6662164 -1.2420251], [ 0.81004089 -0.53511038], [-0.9486191   1.65003451], [1.37381127 2.75893789]
23.547094188376754, [ 0.01938936 -0.8550495   0.33841055], [0.], [-2.178845   -1.08403731], [ 0.71792976 -0.5510261 ], [-1.02501902  1.56116428], [1.33388689 2.92699122]
23.647294589178358, [ 0.06572803 -0.76267439  0.3951565 ], [-5.55111512e-16], [-1.9132941  -1.22328005], [ 0.65073568 -0.44427401], [-1.07257506  1.60359313], [1.30836155 2.92832887]
23.74749498997996, [ 3.34426851e-04 -8.13857263e-01  1.07308091e-01], [0.], [-2.20568314 -1.26239522], [ 0.68842577 -0.41911828], [-1.04432486  1.4498874 ], [1.36658856 2.9228762 ]
23.847695390781563, [ 0.15451273 -0.73361312  0.34285683], [0.], [-2.06170272 -1.36812822], [ 0.56460194 -0.51354102], [-1.42135625  1.54319145], [1.13088991 3.03913356]
23.947895791583168, [ 0.15905283 -0.75346145  0.28290514], [5.55111512e-16], [-2.23166108 -1.25256268], [ 0.79301546 -0.45631386], [-1.22165258  1.3353516 ], [1.2498547  2.57628635]
24.04809619238477, [ 0.31119721 -0.67840725  0.47915418], [-5.55111512e-16], [-2.23839242 -1.2400618 ], [ 0.45166488 -0.62142916], [-1.41038845  1.3096313 ], [1.25259963 2.68866613]
24.148296593186373, [ 0.31319203 -0.69400715  0.32852633], [0.], [-2.37782502 -1.14369252], [ 0.32740241 -0.50797688], [-1.42002651  1.34110333], [1.34293694 2.90475187]
24.248496993987978, [ 0.35104647 -0.64425639  0.38114397], [0.], [-2.51141067 -1.18118008], [ 0.34937226 -0.64374828], [-1.51451194  1.41191867], [0.89367934 2.69282825]
24.34869739478958, [ 0.34961246 -0.65337196  0.36257972], [0.], [-2.51249392 -1.34067538], [ 0.4218247  -0.61482463], [-1.54196312  1.29432834], [1.05656363 2.79191616]
24.448897795591183, [ 0.50203068 -0.64912711  0.34306576], [0.], [-2.42633043 -1.50292735], [ 0.31783813 -0.60174105], [-1.47784391  1.36252191], [0.81822419 2.87500589]
24.549098196392787, [ 0.66353322 -0.6913728   0.46703859], [0.], [-2.41779015 -1.30975753], [ 0.12877527 -0.77592509], [-1.5739835   1.33298766], [0.98491595 2.81805093]
24.649298597194388, [ 0.53747899 -0.61133085  0.302145  ], [5.55111512e-16], [-2.47549926 -1.35423802], [ 0.12394665 -0.76845601], [-1.76161215  1.53085045], [0.92731027 2.62575275]
24.749498997995993, [ 0.64417116 -0.51545215  0.16338133], [-5.55111512e-16], [-2.48400011 -1.33629478], [ 0.16979121 -0.91349446], [-1.6184829   1.21485582], [1.01150527 2.71579689]
24.849699398797597, [ 0.64606074 -0.57371023  0.32913233], [0.], [-2.60858857 -1.55436075], [ 0.18421051 -0.69903506], [-1.682467    1.36479752], [0.86574403 2.71053295]
24.949899799599198, [ 0.70641435 -0.5661643   0.15178157], [0.], [-2.69828811 -1.64878606], [ 0.30223596 -0.7862452 ], [-1.66818471  1.4743411 ], [0.75298263 2.43219836]
25.050100200400802, [ 0.74080107 -0.43893023  0.41895513], [5.55111512e-16], [-2.83523985 -1.5620688 ], [ 0.19568206 -0.83125274], [-1.81092465  1.35351524], [1.04094444 2.54392063]
25.150300601202407, [ 0.77055611 -0.5119917   0.37288473], [-5.55111512e-16], [-2.82210881 -1.37195831], [-0.00150345 -0.9026232 ], [-1.98467376  1.27893735], [0.67732021 2.69478278]
25.250501002004007, [ 0.87612418 -0.39896669  0.39876222], [-5.55111512e-16], [-2.80887642 -1.56156176], [-0.01223148 -0.78588195], [-1.99963408  1.30189309], [0.81061555 2.74818124]
25.350701402805612, [ 0.81679456 -0.47208666  0.23137685], [5.55111512e-16], [-2.81870467 -1.48080035], [ 0.0604335  -0.90914036], [-1.76267782  1.24398716], [0.74955581 2.57964696]
25.450901803607216, [ 0.91564586 -0.43633481  0.50873015], [5.55111512e-16], [-2.93296274 -1.44294201], [-0.38351497 -0.78221378], [-1.98903763  1.26679898], [0.57763187 2.58516736]
25.551102204408817, [ 1.03084674 -0.3926343   0.46086724], [-5.55111512e-16], [-2.90431345 -1.61490325], [-0.26638061 -0.76727067], [-2.06585871  1.2419527 ], [0.55463422 2.5151777 ]
25.65130260521042, [ 1.01348449 -0.43425242  0.38943787], [5.55111512e-16], [-2.90335952 -1.50166745], [-0.29405731 -1.07199891], [-2.05092831  1.32192449], [0.61837175 2.56838087]
25.751503006012026, [ 1.02506817 -0.37205992  0.54733094], [0.], [-3.07615975 -1.62423281], [-0.35574842 -0.75872371], [-2.14970894  1.11697954], [0.26715172 2.39628107]
25.851703406813627, [ 1.15139544 -0.25984806  0.2119968 ], [5.55111512e-16], [-3.11328902 -1.4950456 ], [-0.43424417 -1.00085241], [-2.28393079  1.12041369], [0.37051492 2.57632883]
25.95190380761523, [ 1.18316542 -0.31686235  0.39766193], [5.55111512e-16], [-3.13494795 -1.67276231], [-0.39176583 -0.70783527], [-2.36292555  1.3352648 ], [0.3713914  2.47962957]
26.052104208416836, [ 1.19673932 -0.29060803  0.33287572], [5.55111512e-16], [-2.99679996 -1.52878215], [-0.26461082 -1.0020884 ], [-2.1560223  1.1966413], [0.31309783 2.42854613]
26.152304609218437, [ 1.26560237 -0.32067469  0.46855135], [5.55111512e-16], [-3.24918485 -1.75555428], [-0.46861613 -0.86741899], [-2.24327112  1.16383056], [0.26567488 2.43293008]
26.25250501002004, [ 1.27271058 -0.22675734  0.36452849], [-5.55111512e-16], [-3.22578802 -1.74236805], [-0.54978725 -0.9684637 ], [-2.34097958  1.17051225], [0.47620181 2.36675533]
26.352705410821645, [ 1.42281311 -0.16733039  0.45885676], [5.55111512e-16], [-3.33868857 -1.8092001 ], [-0.626849   -1.10415967], [-2.43352231  1.07425738], [0.28927025 2.41343542]
26.452905811623246, [ 1.36433989 -0.24436533  0.23234895], [1.11022302e-15], [-3.26194795 -1.76505747], [-0.80041659 -1.0447414 ], [-2.1870819   1.15820447], [0.23883816 2.37714231]
26.55310621242485, [ 1.43334328 -0.21121104  0.42038963], [1.11022302e-15], [-3.35489582 -1.69975176], [-0.84350077 -1.11908784], [-2.35978812  0.99892325], [0.32156817 2.24978892]
26.653306613226455, [ 1.52745965 -0.15176842  0.47021302], [5.55111512e-16], [-3.44906183 -1.607472  ], [-0.70798333 -1.23632373], [-2.55685432  0.97719615], [-0.02107819  2.2750553 ]
26.753507014028056, [ 1.45128664 -0.20814659  0.439254  ], [5.55111512e-16], [-3.7846634  -1.79294007], [-0.82259692 -1.10901595], [-2.65912313  0.97188378], [-0.00499979  2.28147697]
26.85370741482966, [ 1.50378707 -0.16275391  0.3280565 ], [1.11022302e-15], [-3.48892382 -1.88947519], [-0.85071075 -1.14796054], [-2.69190047  0.96324475], [-0.05376781  2.58921004]
26.953907815631265, [ 1.5911171  -0.1985726   0.58441198], [1.11022302e-15], [-3.80335577 -1.90234461], [-0.93114227 -1.14835281], [-2.75607462  0.87216292], [-0.11621349  2.09326764]
27.054108216432866, [ 1.59438942 -0.15706052  0.3645967 ], [1.66533454e-15], [-3.65421254 -2.06618445], [-0.97052081 -1.19827693], [-2.81997087  1.01604688], [-0.24655473  2.22667946]
27.15430861723447, [ 1.63277762 -0.14264459  0.41702663], [-1.66533454e-15], [-3.60429485 -1.91625591], [-0.87194197 -1.36456737], [-3.00620734  0.94633184], [-0.2896371   2.25252441]
27.254509018036075, [1.8033581  0.01236977 0.34617737], [-1.11022302e-15], [-3.73117397 -2.03516163], [-1.08449588 -1.0637084 ], [-2.88622229  1.1038356 ], [-0.06770331  2.28009152]
27.354709418837675, [ 1.83817555 -0.02262444  0.45977194], [-2.22044605e-15], [-3.68198953 -1.98063711], [-0.96340029 -1.19999617], [-2.96130089  0.90062367], [-0.40784455  2.14588106]
27.45490981963928, [ 1.8343144  -0.07867549  0.30747599], [-3.33066907e-15], [-3.8290558  -1.96188687], [-1.07731687 -1.15762549], [-2.88402654  0.74925332], [-0.3331171   2.19532431]
27.555110220440884, [ 1.91539961 -0.08537928  0.32850288], [2.77555756e-15], [-3.86892512 -2.05234152], [-1.19132772 -1.32123034], [-2.99212866  0.78274315], [-0.24821411  2.14991512]
27.655310621242485, [ 2.02506555 -0.05438931  0.44907288], [7.21644966e-15], [-4.03369222 -2.05349263], [-1.31449182 -1.31054348], [-3.06579963  0.77344749], [-0.29635545  2.20197537]
27.75551102204409, [ 1.86934483 -0.01247077  0.36217646], [1.], [-4.15557341 -1.88801768], [-1.07442457 -1.2603735 ], [-3.11640868  0.69205675], [-0.32071148  2.15315931]
27.855711422845694, [2.01715001 0.00267939 0.54870854], [1.], [-4.13650957 -2.08672883], [-1.20078789 -1.43615385], [-3.26571233  0.73547383], [-0.42080608  1.95708541]
27.955911823647295, [ 2.0125445  -0.01393387  0.48461262], [1.], [-3.99875398 -2.06732072], [-1.12179707 -1.2923195 ], [-3.11646602  1.03588523], [-0.76230466  2.0396875 ]
28.0561122244489, [2.12498785 0.0568542  0.86670828], [1.], [-4.19305162 -1.99204249], [-1.36322016 -1.25798836], [-3.11250588  0.76102094], [-0.65526969  2.05506022]
28.156312625250504, [2.23680804 0.08909031 0.78088405], [1.], [-3.97248499 -2.08717399], [-1.41599117 -1.24566432], [-3.26465695  0.68602746], [-0.69163744  2.03802029]
28.256513026052104, [2.14112194 0.16677122 0.91844302], [1.], [-3.98890799 -2.2049973 ], [-1.42625571 -1.29659609], [-3.33911587  0.58817658], [-0.78856909  1.94939123]
28.35671342685371, [2.2278477  0.14530811 0.89935092], [1.], [-4.36630703 -2.16985886], [-1.47138395 -1.31906036], [-3.41568347  0.61339251], [-0.71088042  2.00280352]
28.45691382765531, [2.12864397 0.29277094 1.20243337], [1.], [-4.22513027 -2.18501914], [-1.42251794 -1.4523733 ], [-3.35926807  0.76893575], [-0.64054389  2.02451194]
28.557114228456914, [2.24463353 0.30213328 0.96009596], [1.], [-4.39353964 -2.16107349], [-1.64466301 -1.50991058], [-3.43874709  0.58015551], [-0.72135049  1.83467284]
28.65731462925852, [2.24504272 0.18022848 1.33691212], [1.], [-4.28728915 -2.23317823], [-1.55939584 -1.56259615], [-3.3506178   0.47132798], [-0.82892183  1.70103652]
28.75751503006012, [2.3059213  0.29295154 1.40374968], [1.], [-4.2725109  -2.50301676], [-1.63435627 -1.79468542], [-3.33979375  0.40726059], [-0.61598479  1.9435127 ]
28.857715430861724, [2.31823205 0.36553929 1.43309438], [1.], [-4.25525712 -2.23819643], [-1.60562842 -1.74129329], [-3.37295231  0.15889126], [-0.91129229  1.64999503]
28.95791583166333, [2.28388267 0.42484784 1.71142959], [1.], [-4.28676318 -2.32126482], [-1.4883743  -1.76827667], [-3.56408442  0.32448246], [-0.64550833  1.56004614]
29.05811623246493, [2.27157701 0.53647246 1.60605095], [1.], [-4.42820274 -2.58739939], [-1.38444368 -1.91648514], [-3.37991896  0.08023445], [-0.77190292  1.49458978]
29.158316633266534, [2.30147771 0.5051952  1.77453783], [1.], [-4.40403564 -2.46357568], [-1.53031052 -1.60683179], [-3.51948315  0.20423638], [-0.74653501  1.66449424]
29.258517034068138, [2.30994935 0.6025074  1.8286931 ], [1.], [-4.4180704  -2.49377756], [-1.28931938 -1.89389061], [-3.2707852   0.28273304], [-0.72155822  1.36755983]
29.35871743486974, [2.28153118 0.58405226 1.79171818], [1.], [-4.18247407 -2.65737737], [-1.54460153 -1.80695214], [-3.42329015  0.07903698], [-0.87995864  1.53942624]
29.458917835671343, [2.2975906  0.71221924 2.02589185], [1.], [-4.22066099 -2.83541493], [-1.34675883 -2.06073752], [-3.1856024   0.01235447], [-0.72588346  1.40680915]
29.559118236472948, [2.28915088 0.7735613  2.09837369], [1.], [-4.26045274 -2.75071375], [-1.47542312 -1.89286149], [-3.42053949 -0.07086101], [-0.81386559  1.47895621]
29.65931863727455, [2.17289637 0.79038635 2.32926265], [1.], [-4.11593976 -2.84347413], [-1.47558546 -2.21803295], [-3.23075664 -0.02529961], [-0.99146794  1.36024481]
29.759519038076153, [2.15872727 0.82520498 2.24210313], [1.], [-4.16142684 -2.75312492], [-1.22906971 -1.88773837], [-3.37374522  0.01277181], [-0.84226139  1.3611736 ]
29.859719438877757, [2.18591522 0.92008775 2.61007217], [1.], [-4.2766099  -2.98395652], [-1.33028089 -2.18061046], [-3.26411106  0.10113982], [-0.81256181  0.97358765]
29.95991983967936, [2.16957605 0.86629168 2.58463533], [1.], [-4.0736517  -2.91770552], [-1.37421857 -2.15133306], [-3.13708058 -0.15230432], [-0.61467945  1.17065344]
30.060120240480963, [2.04096945 0.89270312 2.67860514], [1.], [-4.10363271 -2.92869532], [-1.27764245 -2.04401481], [-3.22493744 -0.09283727], [-0.50552219  1.16860269]
30.160320641282567, [2.02170106 0.93368672 2.69025578], [1.], [-4.1191548  -2.91912441], [-1.13164345 -2.14328698], [-3.27735207 -0.02926918], [-0.66359392  1.12135819]
30.260521042084168, [1.94416268 0.94099994 2.87191323], [1.], [-3.84727587 -3.00431059], [-0.99082616 -2.04572947], [-3.06809522 -0.19964503], [-0.46751353  1.08757766]
30.360721442885772, [1.95448321 1.00490681 2.91278658], [1.], [-3.79120395 -2.9854944 ], [-1.11153155 -2.28762997], [-3.12829988 -0.15656651], [-0.34265535  1.1307778 ]
30.460921843687377, [1.9241547  0.9080126  3.01221892], [1.], [-4.08211498 -3.05005994], [-1.15677335 -2.05191275], [-2.92628159 -0.29598802], [-0.43455681  1.19995257]
30.561122244488978, [1.9239458  0.92793149 3.19782888], [1.], [-4.06954965 -3.17689323], [-1.03327552 -2.16435341], [-2.86064307 -0.00987522], [-0.31825993  1.05137916]
30.661322645290582, [1.76900058 0.91535459 3.33951258], [1.], [-3.76625116 -2.91249623], [-1.10007054 -2.21537188], [-2.87066973 -0.14034945], [-0.396066    1.09042583]
30.761523046092186, [1.82500523 0.92879917 3.44956426], [1.], [-3.69392481 -2.89865769], [-1.09707948 -2.39886458], [-2.87548211 -0.19238778], [-0.31006039  1.16086347]
30.861723446893787, [1.63679186 0.87005951 3.46562419], [0.61107887], [-3.69674265 -2.92536626], [-0.96641554 -2.33372151], [-2.9242605  -0.19511893], [0.03426444 1.15044652]
30.96192384769539, [1.5923786  0.9338749  3.68175713], [0.00607555], [-3.77552907 -3.02685502], [-0.75354882 -2.06142291], [-2.71330633 -0.15722717], [-0.10491431  1.13108191]
31.062124248496996, [1.58127238 0.88346395 3.52721019], [6.10500318e-05], [-3.77787421 -2.84195733], [-0.72770225 -2.15273042], [-2.62884525 -0.16833423], [-0.0614188   1.12554469]
31.162324649298597, [1.5195781  0.90578532 3.49934617], [6.19687239e-07], [-3.72749706 -2.85582835], [-0.88929739 -2.20966265], [-2.65466247 -0.0413925 ], [-0.12861285  1.33668355]
31.2625250501002, [1.41099664 0.87265732 3.60173069], [6.35462793e-09], [-3.48544821 -2.87564099], [-0.65319301 -2.3518539 ], [-2.30109564  0.05171958], [0.00211482 1.16540779]
31.362725450901806, [1.42285635 0.83636796 3.48259337], [6.58406663e-11], [-3.47911657 -2.89176286], [-0.59079018 -1.9915513 ], [-2.75098603  0.04158998], [0.00657143 1.32056299]
31.462925851703407, [1.44589913 0.7873938  3.39171878], [6.88338275e-13], [-3.16469096 -2.95260228], [-0.51283729 -2.21426161], [-2.54050195 -0.08293069], [0.21063721 1.19923571]
31.56312625250501, [1.36651598 0.78558333 3.56845371], [8.8817842e-15], [-3.39408701 -2.8883857 ], [-0.82353847 -2.07341802], [-2.32659015  0.12934246], [0.26084127 1.39155573]
31.663326653306616, [1.25898446 0.81068133 3.48344787], [0.], [-3.25796179 -2.76172075], [-0.71639111 -2.02311468], [-2.44197104  0.20571368], [0.2081734 1.1859923]
31.763527054108216, [1.23884665 0.78328804 3.45682637], [0.], [-3.33848052 -2.77800156], [-0.52550932 -2.0382901 ], [-2.50353418 -0.03188673], [0.27042074 1.41492979]
31.86372745490982, [1.25353384 0.75578252 3.51785972], [0.], [-3.27232632 -2.7400039 ], [-0.44327826 -1.86480865], [-2.35082743 -0.09608969], [0.33718316 1.33018534]
31.963927855711425, [1.19056986 0.68091118 3.43938747], [0.], [-3.4016681  -2.85983185], [-0.37686325 -2.11842021], [-2.47268203 -0.11940861], [0.13403849 1.24422949]
32.06412825651303, [1.0840502  0.64670422 3.34194336], [0.], [-3.09287318 -2.70825121], [-0.41537735 -2.08022351], [-2.37915539 -0.02883935], [0.3372518  1.40669775]
32.16432865731463, [1.07610529 0.75480434 3.41685572], [-4.4408921e-15], [-2.95187217 -2.58653765], [-0.14182764 -2.01020194], [-2.15597418 -0.11867639], [0.44418397 1.27426063]
32.26452905811623, [1.08755531 0.64354367 3.43374994], [0.], [-3.13022479 -2.82392356], [-0.32369801 -1.81654134], [-2.19004717  0.26934247], [0.54163972 1.40907256]
32.364729458917836, [1.06593751 0.6912425  3.50559853], [4.4408921e-15], [-2.88917012 -2.79059185], [-0.31950984 -2.07018723], [-2.27696569  0.26304862], [0.51976677 1.46399706]
32.46492985971944, [0.91208388 0.64370315 3.32578103], [0.], [-2.87200238 -2.62318014], [-0.17309182 -1.8288553 ], [-1.96775681  0.09077976], [0.37007434 1.59573294]
32.565130260521045, [0.94425163 0.73012962 3.69702103], [-4.4408921e-15], [-2.91701577 -2.58364888], [-0.17327888 -1.83225224], [-1.94148678  0.32274851], [0.57351375 1.52894005]
32.66533066132265, [0.92013665 0.58312975 3.48087903], [0.], [-2.89033306 -2.69335068], [ 0.00295671 -1.93556083], [-2.09154148  0.31969167], [0.79538933 1.59252671]
32.765531062124246, [0.8972632  0.51866567 3.57811097], [4.4408921e-15], [-2.89605764 -2.6375044 ], [-0.23120262 -1.81776418], [-2.021949    0.22660665], [0.58543729 1.41398656]
32.86573146292585, [0.64447366 0.5325685  3.50123334], [0.], [-2.75442695 -2.46720619], [-0.16607004 -1.71011217], [-1.6909874   0.09596185], [1.08402223 1.44889663]
32.965931863727455, [0.64402519 0.55500832 3.41688164], [-4.4408921e-15], [-2.66603478 -2.52452245], [ 0.02709162 -1.61403041], [-1.77964079  0.36571156], [0.7446427  1.48357519]
33.06613226452906, [0.63855506 0.55270253 3.60195797], [0.], [-2.72530155 -2.53188959], [ 0.13531618 -1.85459558], [-1.67715247  0.29313461], [0.83828707 1.63687633]
33.166332665330664, [0.62445044 0.44207398 3.5523394 ], [4.4408921e-15], [-2.65624464 -2.60590967], [-0.01008464 -1.70835361], [-1.71576502  0.35402806], [0.81298608 1.64868512]
33.26653306613227, [0.61509847 0.48213126 3.32750639], [-4.4408921e-15], [-2.62647794 -2.52514044], [ 0.32288773 -1.78191988], [-1.68640315  0.16837559], [0.73382777 1.71489988]
33.366733466933866, [0.54585313 0.39961605 3.41851917], [0.], [-2.37017666 -2.53561162], [ 0.36582624 -1.64434424], [-1.72652192  0.37491852], [1.05492419 1.66648507]
33.46693386773547, [0.49667548 0.42270805 3.62782066], [0.], [-2.42202779 -2.46882167], [ 0.34611883 -1.67667157], [-1.45801553  0.37445971], [0.87638197 1.67786384]
33.567134268537075, [0.35451023 0.42963058 3.40490794], [0.], [-2.43227795 -2.4462629 ], [ 0.50330301 -1.56940398], [-1.5467602   0.39583533], [1.12358329 1.57961519]
33.66733466933868, [0.34639284 0.44459625 3.590271  ], [4.4408921e-15], [-2.50127075 -2.43992301], [ 0.1697212  -1.66711531], [-1.40329227  0.48534824], [1.3287694  1.63029742]
33.76753507014028, [0.31022144 0.41363977 3.63791493], [0.], [-2.31168535 -2.30689271], [ 0.41556767 -1.53833081], [-1.35547399  0.43493884], [1.13284988 1.75697858]
33.86773547094189, [0.2548357  0.38569016 3.59178525], [0.], [-2.16994328 -2.19160584], [ 0.46684947 -1.69918571], [-1.58965506  0.34722083], [1.15801619 1.70969372]
33.967935871743485, [0.26368177 0.3677573  3.43940097], [0.], [-2.40335374 -2.3676818 ], [ 0.43779592 -1.45111491], [-1.17570786  0.49490417], [1.23303977 1.68920002]
34.06813627254509, [0.1944233  0.25701897 3.65788582], [0.], [-2.17636858 -2.38860098], [ 0.44651982 -1.55359772], [-1.1954495   0.43245233], [1.22386987 1.74242004]
34.168336673346694, [0.22013403 0.36247513 3.39004043], [0.], [-2.14036914 -2.29841157], [ 0.64418899 -1.63208088], [-1.32654906  0.33429883], [1.36060864 1.81092235]
34.2685370741483, [0.04061435 0.2998286  3.60817553], [0.], [-2.01856675 -2.18122882], [ 0.47212462 -1.5595427 ], [-1.40681512  0.60220778], [1.28013137 1.96236228]
34.3687374749499, [0.03221401 0.25137812 3.48431569], [0.], [-2.09301256 -2.28390456], [ 0.57887429 -1.51861332], [-1.19378524  0.50787912], [1.55045565 1.88399553]
34.46893787575151, [0.04354052 0.18978781 3.44978798], [-4.4408921e-15], [-1.92972724 -2.27537974], [ 0.65213466 -1.61430357], [-1.0402941   0.65697221], [1.38217159 1.80936501]
34.569138276553105, [-0.04079369  0.28607994  3.59102099], [0.], [-2.01277844 -2.11308867], [ 0.69409239 -1.4519098 ], [-1.13038473  0.44468163], [1.6714482  1.68090846]
34.66933867735471, [-0.10064678  0.21244744  3.57138724], [0.], [-1.88097034 -2.29801627], [ 0.97083073 -1.60414611], [-0.87846728  0.58075278], [1.63396366 1.85183206]
34.76953907815631, [-0.11566531  0.18253802  3.55781636], [4.4408921e-15], [-1.96155315 -2.08839976], [ 0.9147278  -1.42269677], [-1.02869352  0.60422943], [1.54783965 1.80232446]
34.86973947895792, [-0.07005035  0.20968304  3.3369516 ], [-4.4408921e-15], [-1.94675506 -2.29208027], [ 0.83329553 -1.22147269], [-0.8770082   0.59514749], [1.85654985 1.85910187]
34.96993987975952, [-0.25699509  0.03285703  3.67502715], [4.4408921e-15], [-1.89407615 -2.21970393], [ 1.02101179 -1.33622075], [-0.92811196  0.44097288], [1.75669455 2.09195543]
35.07014028056113, [-0.23452444  0.14066855  3.41808648], [0.], [-1.79522053 -2.24256274], [ 1.03866123 -1.50907645], [-0.93179481  0.4557997 ], [1.81190928 2.05388472]
35.170340681362724, [-0.28510106  0.16541321  3.64551639], [0.], [-1.77245346 -1.92313184], [ 0.95897882 -1.34736878], [-0.86592439  0.43172919], [1.86989    1.95367379]
35.27054108216433, [-0.43699371  0.01105404  3.68419804], [0.], [-1.71848736 -2.26868881], [ 1.07422783 -1.50271448], [-0.86674152  0.85370308], [1.95940619 1.83028838]
35.37074148296593, [-0.4036311   0.07989036  3.55054057], [0.], [-1.57139983 -1.95010267], [ 1.03065239 -1.25145212], [-0.76922485  0.58859324], [1.91667013 2.08802621]
35.47094188376754, [-0.40249179  0.02435512  3.6168258 ], [0.], [-1.54754794 -2.01732479], [ 1.1460955  -1.28229911], [-0.75725945  0.68321248], [1.85237976 1.91666602]
35.57114228456914, [-0.55834918  0.05963364  3.37293963], [0.], [-1.42705642 -2.01840012], [ 1.32001255 -1.16293019], [-0.58795834  0.55596195], [1.91075399 2.0554207 ]
35.671342685370746, [-0.58888568 -0.03244498  3.42262971], [-4.4408921e-15], [-1.49055738 -2.17560993], [ 1.38519726 -1.17501841], [-0.61508207  0.72399213], [1.98344079 2.1766954 ]
35.77154308617234, [-0.61263755  0.04317509  3.50278803], [4.4408921e-15], [-1.3433883 -2.0714522], [ 1.15374596 -1.40122056], [-0.61974993  0.90567843], [2.01320734 2.03218445]
35.87174348697395, [-0.57792163  0.04256191  3.60014064], [0.], [-1.3719897  -2.00766266], [ 1.4053199  -1.30220037], [-0.47808706  1.02989112], [2.03739982 2.13651325]
35.97194388777555, [-0.70572358 -0.10678833  3.52285705], [0.], [-1.27930171 -2.07936813], [ 1.41047277 -1.12326704], [-0.58646767  0.86032679], [2.13241285 2.06694319]
36.07214428857716, [-0.65675723 -0.03773228  3.50836757], [0.], [-1.38064678 -2.04881714], [ 1.48662219 -1.21034268], [-0.26009042  0.7026464 ], [2.0383498  2.16605379]
36.17234468937876, [-0.76775757 -0.09120208  3.56794017], [0.], [-1.31804403 -2.03515983], [ 1.39978786 -1.33511583], [-0.49964886  0.9734489 ], [2.25806875 2.09289073]
36.27254509018036, [-0.85996301 -0.0897255   3.58846589], [0.], [-1.19724961 -1.88747729], [ 1.52596164 -1.21103257], [-0.36855819  0.99481153], [2.28252802 2.17803968]
36.37274549098196, [-0.89421028 -0.19596798  3.58690542], [0.], [-1.18394938 -1.96607639], [ 1.72869416 -1.23987303], [-0.31642137  0.84349459], [2.34446109 2.32981259]
36.47294589178357, [-0.85106968 -0.0684407   3.49471065], [0.], [-0.96630877 -1.6996446 ], [ 1.76754297 -1.08785403], [-0.11839735  0.86792348], [2.53919752 2.25548277]
36.57314629258517, [-0.97391628 -0.13074962  3.62256028], [0.], [-1.0558043  -1.92328223], [ 1.70261533 -1.17378371], [-0.14044768  0.84542601], [2.30534588 2.17535069]
36.673346693386776, [-1.02553619 -0.10854615  3.72957814], [0.], [-1.10100568 -1.7619899 ], [ 1.75366996 -0.96766641], [-0.20401199  1.02302355], [2.4994898  2.21237445]
36.77354709418838, [-0.99633279 -0.20185089  3.57111487], [0.], [-0.94402702 -1.97012295], [ 1.89363376 -0.82804451], [-0.02066143  0.89882915], [2.52496575 2.26230879]
36.87374749498998, [-1.1004298  -0.13901575  3.73644631], [0.], [-0.93493037 -1.80942419], [ 1.86140407 -1.13286388], [-0.18277983  1.00821176], [2.65724519 2.24573425]
36.97394789579158, [-1.16573045 -0.21603128  3.761964  ], [0.], [-0.98324426 -1.93540658], [ 2.0334046 -0.8070966], [0.06910439 1.01087638], [2.70357815 2.48265859]
37.07414829659319, [-1.238566   -0.30114591  3.42862886], [0.], [-0.73628323 -1.61120307], [ 1.81654412 -1.09771866], [0.02737619 1.1084594 ], [2.7198377  2.25031102]
37.17434869739479, [-1.24334574 -0.33219737  3.58787321], [0.], [-0.60449093 -1.67479146], [ 2.00014444 -0.98893172], [0.23497456 0.97455611], [2.74373993 2.51998062]
37.274549098196395, [-1.21424866 -0.25990667  3.62627141], [0.], [-0.58356221 -1.58521737], [ 2.05878721 -0.96496287], [-0.02757607  1.00225097], [2.76602875 2.50520858]
37.374749498998, [-1.28536524 -0.2122609   3.50280303], [0.], [-0.71049174 -1.78265031], [ 2.13901294 -1.03168876], [0.07370349 1.20837805], [2.92495283 2.35200071]
37.4749498997996, [-1.42302867 -0.29948212  3.51822751], [0.], [-0.50962611 -1.6055633 ], [ 2.23378887 -0.97808666], [0.11842668 0.99221444], [2.79595418 2.33342351]
37.5751503006012, [-1.43278799 -0.34176581  3.763324  ], [0.], [-0.56950311 -1.8080665 ], [ 2.1795244  -0.87228174], [0.36207867 1.26238112], [2.9256783  2.62689039]
37.675350701402806, [-1.5435952  -0.35615062  3.24534465], [0.], [-0.61770151 -1.60692792], [ 2.32110677 -0.95439242], [0.40883821 1.27912149], [2.92099337 2.34659078]
37.77555110220441, [-1.53069016 -0.25627716  3.66555005], [0.], [-0.51493605 -1.68659955], [ 2.20925407 -0.8328865 ], [0.4377675  1.22470761], [2.94361765 2.41854465]
37.875751503006015, [-1.48981818 -0.42900889  3.43863009], [0.], [-0.53335029 -1.57568767], [ 2.26330446 -0.88545496], [0.44842074 1.29956822], [3.13380929 2.53006733]
37.97595190380762, [-1.62370754 -0.42130629  3.33023536], [0.], [-0.25544684 -1.61281394], [ 2.48693591 -0.9049781 ], [0.6577725  1.16764585], [3.08645973 2.39986316]
38.07615230460922, [-1.578048   -0.44596657  3.54644528], [0.], [-0.47194302 -1.54978557], [ 2.26550312 -0.88073496], [0.52811864 1.25203382], [3.34888851 2.73965281]
38.17635270541082, [-1.61856017 -0.46598241  3.6518881 ], [0.], [-0.38824662 -1.64847679], [ 2.44173897 -0.6307016 ], [0.63878268 1.1986373 ], [2.93606634 2.59250969]
38.276553106212425, [-1.72612076 -0.38768849  3.82299875], [0.], [-0.30835429 -1.57508841], [ 2.39461475 -0.81900795], [0.5895073  1.24317422], [3.37640538 2.60617784]
38.37675350701403, [-1.79469443 -0.50840888  3.56576088], [-4.4408921e-15], [-0.3142814  -1.47859053], [ 2.49819501 -0.69928748], [0.61336253 1.23540395], [3.25097519 2.66858459]
38.476953907815634, [-1.92708315 -0.47801137  3.66225575], [0.], [-0.18560887 -1.37380086], [ 2.54651842 -0.84211691], [0.76071353 1.28728558], [3.29838609 2.66861134]
38.57715430861724, [-1.84099331 -0.57544558  3.49647878], [0.], [-0.16501998 -1.65026353], [ 2.57563361 -0.64036053], [0.51437064 1.25183058], [3.31321663 2.67150365]
38.677354709418836, [-1.92477529 -0.57121931  3.595608  ], [0.], [-0.09378512 -1.40000151], [ 2.66728268 -0.62742593], [0.72277721 1.49358927], [3.4780867  2.70095735]
38.77755511022044, [-2.0080579  -0.50948551  3.59258955], [0.], [ 0.00415523 -1.35448114], [ 2.78367438 -0.61383001], [0.98876795 1.27503214], [3.43263073 2.73917945]
38.877755511022045, [-2.11927912 -0.62392074  3.61134074], [0.], [-0.0347097 -1.496086 ], [ 2.66855782 -0.76225422], [1.0592652  1.33711153], [3.50086979 2.66950425]
38.97795591182365, [-2.10758603 -0.64943977  3.71859   ], [0.], [ 0.08568293 -1.20997419], [ 2.64747652 -0.76281787], [1.07516873 1.3656684 ], [3.64707415 2.8801361 ]
39.078156312625254, [-2.09957109 -0.61051782  3.61037872], [0.], [ 0.24314987 -1.40564904], [ 2.94741501 -0.52456053], [1.10717239 1.25751699], [3.57994167 2.88963304]
39.17835671342686, [-2.22291944 -0.6827729   3.62903257], [-4.4408921e-15], [ 0.05443917 -1.41212064], [ 2.932748   -0.75487394], [1.01377864 1.3506129 ], [3.52787749 2.72623941]
39.278557114228455, [-2.1729675  -0.64908143  3.61897612], [0.], [ 0.18870204 -1.43788813], [ 2.89286099 -0.47453571], [1.10865068 1.59725111], [3.67621614 2.66057032]
39.37875751503006, [-2.20967552 -0.62402201  3.48073901], [4.4408921e-15], [ 0.14819494 -1.50517938], [ 2.97625641 -0.41009302], [1.10097284 1.39256721], [3.76473397 2.90065121]
39.478957915831664, [-2.28447025 -0.67284418  3.55749588], [-4.4408921e-15], [ 0.176252   -1.20206066], [ 3.15450185 -0.73145448], [1.17719076 1.40774757], [3.96494929 2.90053413]
39.57915831663327, [-2.44681502 -0.80167043  3.68923219], [0.], [ 0.45008728 -1.32552883], [ 3.10565845 -0.59418334], [1.32400222 1.66936986], [3.84832741 2.87141566]
39.67935871743487, [-2.4456923  -0.73888068  3.75877996], [0.], [ 0.3979609  -1.36091764], [ 2.98662196 -0.47532051], [1.25327739 1.55885262], [3.95578097 2.76604035]
39.77955911823648, [-2.35145915 -0.73721542  3.62551987], [0.], [ 0.53655494 -1.37418757], [ 3.10323454 -0.37714821], [1.43160457 1.47558328], [4.02723937 3.00190695]
39.879759519038075, [-2.46784722 -0.73426792  3.35890242], [0.], [ 0.51754757 -0.97152691], [ 3.23341283 -0.39046988], [1.37063063 1.61674155], [3.76796543 2.85518557]
39.97995991983968, [-2.51039832 -0.87884169  3.48991285], [0.], [ 0.56301733 -1.12581713], [ 3.2513588  -0.21766849], [1.14383219 1.42554626], [4.05377584 2.79145961]
40.08016032064128, [-2.56351751 -0.88475904  3.51663   ], [-4.4408921e-15], [ 0.60148615 -1.16161199], [ 3.38624616 -0.45440038], [1.40348531 1.47780455], [4.19536907 2.79301572]
40.18036072144289, [-2.56316584 -0.74790542  3.60553627], [0.], [ 0.46984612 -1.25722843], [ 3.11429468 -0.25748807], [1.56801437 1.48939364], [4.13165509 2.8407264 ]
40.28056112224449, [-2.61681    -0.87166635  3.61590241], [4.4408921e-15], [ 0.61319435 -1.25586338], [ 3.39112368 -0.51590191], [1.56342188 1.818559  ], [4.07602133 2.98305926]
40.3807615230461, [-2.68055053 -0.94342339  3.50931055], [4.4408921e-15], [ 0.58738148 -1.17344813], [ 3.48889326 -0.31334914], [1.77728986 1.74341972], [4.29035991 3.1143392 ]
40.480961923847694, [-2.81163283 -1.01187462  3.70052712], [-4.4408921e-15], [ 0.72973879 -1.15309138], [ 3.61729698 -0.35339501], [1.69982973 1.51636359], [4.43704041 2.84981346]
40.5811623246493, [-2.79971296 -0.85348494  3.6813394 ], [-4.4408921e-15], [ 0.85080252 -0.89163318], [ 3.59423498 -0.25550312], [1.51514834 1.48633204], [4.24904141 2.91987815]
40.6813627254509, [-2.81217954 -0.91886236  3.76104916], [-4.4408921e-15], [ 0.86014768 -0.86323812], [ 3.59051474 -0.22398873], [1.67947254 1.54196582], [4.2966736  3.05794616]
40.78156312625251, [-2.93626024 -0.85327748  3.65090938], [8.8817842e-15], [ 0.72346949 -1.20695991], [ 3.56254694 -0.23552322], [1.93956505 1.73431676], [4.28722503 3.10829711]
40.88176352705411, [-2.8584327  -0.88272309  3.5604552 ], [2.22044605e-14], [ 0.92520469 -1.03251125], [ 3.79501458 -0.41659797], [1.81617369 1.90225152], [4.36205381 2.89659973]
40.981963927855716, [-2.9984388  -0.93423805  3.52884943], [-1.], [ 0.83568355 -1.14453298], [ 3.77893429 -0.14304253], [1.80991207 1.81461758], [4.37523186 3.0731161 ]
41.08216432865731, [-3.00836688 -1.06090795  3.56544112], [-1.], [ 0.9249857  -0.91708586], [ 3.8728907  -0.26733789], [1.90584026 1.65302251], [4.48766693 3.15439111]
41.18236472945892, [-3.00604258 -0.98104149  3.37456549], [-1.], [ 0.93782863 -0.98716155], [ 3.73646243 -0.28492836], [1.93054223 1.81846193], [4.75280732 2.93071946]
41.28256513026052, [-3.12038407 -1.04425813  3.16695913], [-1.], [ 1.23638638 -0.91088801], [ 3.75933274 -0.27379223], [2.0012748  1.71017113], [4.52018387 3.42569309]
41.38276553106213, [-3.13591852 -1.00042942  3.10862828], [-1.], [ 1.15661888 -0.90536355], [ 3.8353011  -0.15932779], [2.16546844 1.72930867], [4.6815857  3.14116989]
41.48296593186373, [-3.26011264 -1.02963627  3.0826195 ], [-1.], [ 1.09078392 -0.86624885], [ 3.96002904 -0.1739971 ], [2.20014732 1.87854755], [4.8712622  3.14065587]
41.58316633266533, [-3.4016908  -1.0756605   2.90872444], [-1.], [ 1.30839316 -0.92461322], [ 3.90679427 -0.34681822], [2.21176668 1.75484586], [4.80278291 3.1714733 ]
41.68336673346693, [-3.27985966 -0.99401099  2.97341579], [-1.], [ 1.36067139 -1.04914813], [ 4.07380687 -0.20819144], [2.17754436 1.97015093], [4.75944729 3.02193841]
41.78356713426854, [-3.39790814 -1.02620647  2.73554395], [-1.], [ 1.39018605 -1.0049228 ], [ 4.11707377 -0.12880074], [2.32145501 1.77599693], [4.87081428 3.10640017]
41.88376753507014, [-3.43825583 -0.91848674  2.69839942], [-1.], [ 1.59164416 -1.01897125], [ 4.18285871 -0.34244048], [2.46604241 1.91517066], [4.89134215 3.19951947]
41.983967935871746, [-3.39936841 -0.99461151  2.77471429], [-1.], [ 1.487899   -1.21874534], [ 4.4249848  -0.38552801], [2.2303562  1.72770598], [4.94355534 3.10487889]
42.08416833667335, [-3.46744984 -0.91609853  2.33933738], [-1.], [ 1.46081501 -1.0895766 ], [ 4.31294884 -0.27959465], [2.31905113 1.87253012], [4.92969751 3.06126889]
42.18436873747495, [-3.55249863 -0.94890335  2.48863314], [-1.], [ 1.68572097 -1.19478584], [ 4.55085543 -0.27392417], [2.54823725 1.68351616], [4.97945934 3.02527577]
42.28456913827655, [-3.62306934 -0.92448325  2.13090899], [-1.], [ 1.50588109 -1.09459558], [ 4.09636829 -0.21536465], [2.35950042 1.75187672], [5.14082527 2.96570195]
42.38476953907816, [-3.56123881 -0.8325131   2.22954555], [-1.], [ 1.52936145 -1.30074071], [ 4.46335315 -0.33800544], [2.24368093 1.59977302], [5.17785938 3.12157436]
42.48496993987976, [-3.58083242 -0.75776029  2.0631767 ], [-1.], [ 1.79333202 -1.18213149], [ 4.35820657 -0.35153383], [2.39376864 1.52839375], [5.08653451 2.84986199]
42.585170340681366, [-3.6164439  -0.71911737  1.90936759], [-1.], [ 1.7262412  -1.18693067], [ 4.34543237 -0.64369452], [2.49737352 1.58688718], [5.09466723 2.86696038]
42.68537074148297, [-3.71244478 -0.7374948   1.83557455], [-1.], [ 1.58793704 -1.32287022], [ 4.36249595 -0.70152662], [2.43694574 1.64249878], [4.97691564 2.78069219]
42.78557114228457, [-3.69400681 -0.65781657  1.78532816], [-1.], [ 1.55629373 -1.39210933], [ 4.60632404 -0.70348329], [2.72371435 1.53431025], [5.16082139 2.73263262]
42.88577154308617, [-3.70090997 -0.55298009  1.63413275], [-1.], [ 1.63689487 -1.39282233], [ 4.34822326 -0.82154371], [2.66228222 1.29799416], [5.28857628 2.49497519]
42.985971943887776, [-3.62777401 -0.55031893  1.70329051], [-1.], [ 1.69965686 -1.67819705], [ 4.47818806 -0.66016305], [2.61895886 1.37719651], [5.24915734 2.82149389]
43.08617234468938, [-3.66987979 -0.57955128  1.36932636], [-1.], [ 1.58561874 -1.42574331], [ 4.43728425 -0.8763755 ], [2.53511276 1.31720993], [5.4453639 2.5813995]
43.186372745490985, [-3.74471476 -0.4685318   1.4568999 ], [-1.], [ 1.67715804 -1.57217701], [ 4.38075369 -0.99699957], [2.82004836 1.14351588], [5.23473907 2.54628624]
43.28657314629259, [-3.71351394 -0.39870383  1.25562699], [-1.], [ 1.56942375 -1.7522563 ], [ 4.36786025 -0.95129096], [2.57561903 1.21614702], [5.23215581 2.60333813]
43.38677354709419, [-3.60604885 -0.37088046  1.14338656], [-1.], [ 1.80024988 -1.67157805], [ 4.26695175 -1.09142325], [2.56404425 1.11503343], [5.02012554 2.46687711]
43.48697394789579, [-3.63765221 -0.24280837  1.17293593], [-1.], [ 1.59098756 -1.79197389], [ 4.31067262 -0.89672231], [2.61275592 1.09242776], [5.03187261 2.67049902]
43.587174348697395, [-3.55466391 -0.20788564  0.89490039], [-1.], [ 1.71939459 -1.61920206], [ 4.45301959 -0.98330274], [2.48254337 1.03745911], [5.15095076 2.28181094]
43.687374749499, [-3.53900267 -0.27276203  0.78695242], [-1.], [ 1.4274762  -1.82642191], [ 4.48388093 -0.98427326], [2.29076035 0.9939203 ], [5.12697061 2.38653762]
43.787575150300604, [-3.59038551 -0.10296586  0.625457  ], [-0.26883162], [ 1.49236808 -1.73187461], [ 4.30566537 -0.97842174], [2.46867555 0.90406979], [5.0394413  2.23127544]
43.88777555110221, [-3.55018334 -0.17056501  0.67948677], [-0.00406704], [ 1.4682955  -1.92297565], [ 4.116842   -1.04435884], [2.35129506 1.0156326 ], [4.83978257 2.1327613 ]
43.987975951903806, [-3.46928701 -0.17080625  0.63497692], [-6.24813074e-05], [ 1.6651691  -1.86922426], [ 4.25570747 -1.13284939], [2.48307105 1.02013694], [4.92324512 2.24057386]
44.08817635270541, [-3.37098865 -0.11777551  0.70540524], [-9.74867421e-07], [ 1.3294175  -1.78297502], [ 4.18601308 -1.27452981], [2.35133892 0.97482164], [5.08753586 2.03014211]
44.188376753507015, [-3.36574043 -0.01636941  0.82172057], [-1.54514945e-08], [ 1.31918555 -1.90328118], [ 4.13931786 -1.08124037], [2.4421246 0.7253773], [4.92488762 2.18711943]
44.28857715430862, [-3.28707656 -0.02960609  0.88922448], [-2.48848719e-10], [ 1.45173591 -2.03881633], [ 4.06845757 -1.18079115], [2.16655806 0.80730716], [4.9158226  1.95431368]
44.388777555110224, [-3.34572201  0.03124286  0.96034408], [-4.07340828e-12], [ 1.1493139  -2.01728742], [ 4.13824709 -1.30566746], [2.394634  0.6269635], [4.80064153 2.06317721]
44.48897795591183, [-3.2806354   0.06299204  0.70003042], [-6.77236045e-14], [ 1.41376353 -2.20149177], [ 4.09268611 -1.30657377], [2.05912033 0.62554413], [4.6179273  2.09747882]
44.589178356713425, [-3.29203412  0.08974837  0.76236141], [-2.22044605e-15], [ 1.1643425  -1.93283036], [ 4.04970946 -1.25605552], [2.21674436 0.53758412], [4.80648407 1.98331896]
44.68937875751503, [-3.26151108  0.09257623  0.66531684], [1.11022302e-15], [ 1.32208462 -2.01793568], [ 3.94888959 -1.28601561], [2.10565496 0.59024511], [4.81599021 1.84777311]
44.789579158316634, [-3.18261416  0.08513385  0.71478267], [0.], [ 1.3064058  -2.05206308], [ 3.9716277  -1.34624783], [2.03706166 0.57967024], [4.64983474 1.89735055]
44.88977955911824, [-3.12090993  0.1458035   0.71303468], [0.], [ 1.21659394 -2.19257866], [ 3.85912284 -1.31556985], [2.04589964 0.54257692], [4.51388376 1.98646975]
44.98997995991984, [-3.08514515  0.2842497   0.7993038 ], [1.11022302e-15], [ 0.99199022 -2.32935767], [ 3.69618842 -1.38472562], [1.9341062  0.76719996], [4.59681059 1.85794956]
45.09018036072145, [-3.09044458  0.3071343   0.6116094 ], [0.], [ 0.98006314 -2.46802084], [ 3.78472206 -1.60563234], [1.86757927 0.71453339], [4.70351686 1.64544546]
45.190380761523045, [-2.94535503  0.23371247  0.65722256], [1.11022302e-15], [ 0.86651765 -2.54846842], [ 3.72497313 -1.64581036], [1.89205442 0.58319899], [4.40181462 1.77619334]
45.29058116232465, [-2.93792443  0.20246814  0.74558627], [0.], [ 1.25925932 -2.41466332], [ 3.76492153 -1.49991021], [1.86854967 0.46701894], [4.31059123 1.88627625]
45.390781563126254, [-2.98864275  0.30923931  0.57617831], [0.], [ 0.77530531 -2.13565761], [ 3.64985823 -1.6921113 ], [1.72176933 0.42185998], [4.3627338  1.74890594]
45.49098196392786, [-2.96935645  0.39899438  0.66604098], [1.11022302e-15], [ 0.90737282 -2.39253297], [ 3.65861686 -1.6490587 ], [1.78534083 0.42676084], [4.27959798 1.61707684]
45.59118236472946, [-2.8231211   0.29714364  0.67577703], [0.], [ 0.72838085 -2.34288791], [ 3.51374794 -1.58809993], [1.74039207 0.39691139], [4.58304268 1.56469426]
45.69138276553107, [-2.8013656   0.38604671  0.72300752], [1.11022302e-15], [ 0.76360241 -2.47035663], [ 3.62411805 -1.72135225], [1.74984495 0.61029392], [4.41202673 1.70756355]
45.791583166332664, [-2.78496279  0.45728328  0.80976681], [0.], [ 0.78907974 -2.49659324], [ 3.54009837 -1.70373024], [1.62650302 0.3967118 ], [4.31655468 1.63033888]
45.89178356713427, [-2.76623596  0.52513047  0.74497275], [1.11022302e-15], [ 0.70987062 -2.37034462], [ 3.42813087 -1.60964638], [1.53917766 0.31307984], [4.03933464 1.52265215]
45.99198396793587, [-2.65878181  0.41346597  0.76883578], [0.], [ 0.83965793 -2.30884647], [ 3.36210355 -1.83892492], [1.69764497 0.39284964], [4.21911635 1.53664442]
46.09218436873748, [-2.66308506  0.57828817  0.6868513 ], [0.], [ 0.81567899 -2.47228213], [ 3.46500942 -1.66765393], [1.63271963 0.25931402], [4.00647459 1.4452641 ]
46.19238476953908, [-2.67078517  0.71597193  0.6577683 ], [1.11022302e-15], [ 0.81153054 -2.51054524], [ 3.30712315 -1.8314627 ], [1.51323639 0.25381726], [4.13513384 1.64255349]
46.29258517034068, [-2.58131037  0.61310037  0.71373043], [1.11022302e-15], [ 0.68287101 -2.76045701], [ 3.41526701 -1.86804206], [1.52415562 0.31238586], [4.24786836 1.34325378]
46.392785571142284, [-2.50982989  0.70416364  0.65811215], [0.], [ 0.38872462 -2.57594239], [ 3.24365338 -2.01726158], [1.42130472 0.01017564], [4.1225879  1.59138046]
46.49298597194389, [-2.61042259  0.74883123  0.4717716 ], [0.], [ 0.43867253 -2.77081334], [ 3.22473493 -2.02040868], [1.36951063 0.24334311], [4.04789231 1.35617237]
46.59318637274549, [-2.45160138  0.81952956  0.77970797], [1.11022302e-15], [ 0.4334139  -2.74614176], [ 3.41147316 -2.10719129], [1.35362777 0.12530291], [3.88490847 1.37824052]
46.6933867735471, [-2.38623142  0.69065335  0.63782129], [2.22044605e-15], [ 0.39745748 -2.61385115], [ 3.24515124 -1.91968033], [ 1.29050457 -0.00755594], [3.80826342 1.30390071]
46.7935871743487, [-2.42371017  0.83857661  0.82459374], [0.], [ 0.55593089 -2.96023296], [ 3.28009121 -2.02187626], [1.2972414  0.07004891], [3.66982384 1.31476946]
46.8937875751503, [-2.32254685  0.83485686  0.62212284], [0.], [ 0.49564233 -2.54276971], [ 3.24188802 -1.97419363], [1.34806134 0.14789014], [3.83864    1.23358638]
46.9939879759519, [-2.33859457  0.79837142  0.84935845], [1.11022302e-15], [ 0.40464114 -2.8596934 ], [ 3.04107186 -1.98438083], [ 1.30811392 -0.3042191 ], [3.7738578  1.19099636]
47.09418837675351, [-2.25636632  0.76968944  0.4885848 ], [0.], [ 0.34833109 -2.9126688 ], [ 3.01073124 -2.09176585], [1.19930943 0.06696406], [3.71539518 1.26480644]
47.19438877755511, [-2.27606372  0.89846014  0.79041869], [0.], [ 0.37612228 -2.86183309], [ 3.01953855 -2.05965518], [ 0.98404759 -0.0884157 ], [3.64952723 1.21158619]
47.294589178356716, [-2.14279113  0.97359785  0.57241977], [1.11022302e-15], [ 0.25065826 -2.82945037], [ 3.04099771 -2.22258167], [ 1.24977938 -0.23435562], [3.68842889 1.07277626]
47.39478957915832, [-2.19374833  1.05388211  0.58105763], [1.11022302e-15], [ 0.0457765  -3.14435134], [ 2.81351045 -2.40023805], [ 1.0992601 -0.3115373], [3.82688294 1.231229  ]
47.49498997995992, [-2.09610764  0.98081736  0.73362024], [0.], [ 0.3120632  -2.91174826], [ 2.89399318 -2.34295397], [ 1.02585936 -0.24509239], [3.71267695 1.04996613]
47.59519038076152, [-2.08211299  1.02549374  0.75357639], [1.11022302e-15], [ 0.18439512 -3.02454787], [ 2.81067362 -2.37019443], [ 0.89481479 -0.31807823], [3.6641267  1.14930345]
47.69539078156313, [-2.00394265  1.04510201  0.76539879], [0.], [ 0.10481298 -3.0436098 ], [ 2.83994628 -2.23233104], [ 1.05354214 -0.14365247], [3.6227278  1.12320124]
47.79559118236473, [-2.02945108  1.11981563  0.6235774 ], [1.11022302e-15], [ 0.10503986 -3.09956359], [ 2.81090422 -2.39587097], [ 1.07169908 -0.30672972], [3.513064   0.83708773]
47.895791583166336, [-2.04143296  1.20821242  0.61343164], [0.], [-0.04930742 -3.13758184], [ 2.59110794 -2.54164287], [ 1.04506003 -0.23849802], [3.38671174 1.05083583]
47.99599198396794, [-1.97309178  1.19243027  0.78770539], [-1.11022302e-15], [-0.09010358 -3.1070743 ], [ 2.78899633 -2.4068356 ], [ 0.88785186 -0.44738845], [3.31133663 0.92027943]
48.09619238476954, [-1.88780764  1.22653085  0.53224216], [0.], [-0.06810801 -3.12131641], [ 2.59627177 -2.40526489], [ 0.64269543 -0.56007287], [3.36560988 0.94441834]
48.19639278557114, [-1.83723503  1.32788827  0.61912209], [0.], [-0.11304441 -3.55479064], [ 2.37313336 -2.4708574 ], [ 0.69218418 -0.54050405], [3.31915331 0.96347591]
48.296593186372746, [-1.80414762  1.25341553  0.79721518], [0.], [-0.13440606 -3.2816574 ], [ 2.68374896 -2.5420403 ], [ 0.78322126 -0.46287087], [3.31426584 0.82176153]
48.39679358717435, [-1.8662716   1.27453562  0.7512293 ], [-1.11022302e-15], [-0.19071589 -3.46392528], [ 2.49154889 -2.47080489], [ 0.59052584 -0.45410744], [3.24605224 0.81887272]
48.496993987975955, [-1.79597501  1.32470853  0.65138025], [0.], [-0.19081074 -3.33287076], [ 2.4165218  -2.86505596], [ 0.67071827 -0.48837507], [3.14342682 0.84271371]
48.59719438877756, [-1.67898739  1.33930541  0.53217035], [-1.11022302e-15], [-0.53109861 -3.53806784], [ 2.4163436 -2.680236 ], [ 0.66130381 -0.4109194 ], [3.38003394 0.69608813]
48.69739478957916, [-1.76994626  1.49740751  0.62293102], [0.], [-0.26544524 -3.52501531], [ 2.43360937 -2.7746611 ], [ 0.54016253 -0.62442536], [3.07293137 0.55764959]
48.79759519038076, [-1.60619731  1.43824032  0.74601677], [-1.11022302e-15], [-0.31324077 -3.50719049], [ 2.38420912 -2.70219128], [ 0.70377227 -0.67644272], [3.01111399 0.60234524]
48.897795591182366, [-1.54579647  1.4978891   0.71912988], [-1.11022302e-15], [-0.40889288 -3.52441513], [ 2.3842063  -2.67258311], [ 0.50450892 -0.70622625], [3.31756862 0.51770114]
48.99799599198397, [-1.56155284  1.58745158  0.70052211], [0.], [-0.44594777 -3.50035226], [ 2.33216587 -2.67557592], [ 0.43972799 -0.55423539], [3.12810727 0.51684097]
49.098196392785574, [-1.45744908  1.56149287  1.05208079], [-1.11022302e-15], [-0.35506262 -3.38707869], [ 2.33202229 -2.88949521], [ 0.55376937 -0.6903825 ], [2.90545783 0.70371268]
49.19839679358718, [-1.58964102  1.60711691  0.72209466], [-1.11022302e-15], [-0.46523625 -3.55028797], [ 2.34444189 -2.79582234], [ 0.31672014 -0.79492021], [3.00115299 0.40656058]
49.298597194388776, [-1.43627915  1.61155677  0.61771329], [-1.11022302e-15], [-0.40807502 -3.51120878], [ 2.38296501 -3.08964083], [ 0.33907943 -0.79205503], [2.93673697 0.51989417]
49.39879759519038, [-1.41549994  1.6515905   0.66742734], [-2.22044605e-15], [-0.62468953 -3.60753926], [ 2.06717438 -2.86429633], [ 0.44352993 -0.80241064], [3.02633513 0.48293069]
49.498997995991985, [-1.42696341  1.64851444  0.68297279], [-1.11022302e-15], [-0.53920202 -3.47252084], [ 2.20864409 -2.86194233], [ 0.31157895 -1.00360846], [2.89671027 0.28019617]
49.59919839679359, [-1.31618976  1.66166012  0.80332292], [-2.22044605e-15], [-0.78590294 -3.72724717], [ 2.17514021 -2.80647774], [ 0.31378324 -1.02124952], [2.88895488 0.41209309]
49.699398797595194, [-1.32862204  1.81287005  0.74986052], [-3.33066907e-15], [-0.58002874 -3.508521  ], [ 1.97179772 -3.0593562 ], [ 0.12053486 -0.97104068], [2.80684563 0.43241412]
49.7995991983968, [-1.28953836  1.84220638  0.75696288], [-3.33066907e-15], [-0.6460728  -3.67411275], [ 2.12285984 -3.06941395], [ 0.26305188 -0.88810442], [2.63986024 0.40268222]
49.899799599198396, [-1.21107453  1.84681791  0.73050145], [-4.4408921e-15], [-0.81531702 -3.80131562], [ 1.9871582  -3.12785118], [ 0.11987791 -1.07649559], [2.67387738 0.09009136]
50.0, [-1.16441776  1.85486525  0.70061775], [0.], [-0.78701363 -3.7749431 ], [ 1.94627329 -3.06634388], [ 0.25501405 -1.05954389], [2.71377868 0.27843311]
